
Call:
matchit(formula = formula, data = data, method = "nearest", distance = "glm")

Summary of Balance for All Data:
                         Means Treated Means Control Std. Mean Diff. Var. Ratio eCDF Mean eCDF Max
distance                        0.3496        0.2736          0.5549     1.4892    0.1661   0.2383
year2010                        0.0000        0.0014         -0.0442          .    0.0014   0.0014
year2011                        0.0253        0.0330         -0.0489          .    0.0077   0.0077
year2012                        0.1379        0.1358          0.0062          .    0.0021   0.0021
year2013                        0.0005        0.0015         -0.0405          .    0.0009   0.0009
year2014                        0.1355        0.1358         -0.0009          .    0.0003   0.0003
year2015                        0.1387        0.1397         -0.0027          .    0.0009   0.0009
year2016                        0.1276        0.1306         -0.0092          .    0.0031   0.0031
year2017                        0.1295        0.1289          0.0017          .    0.0006   0.0006
year2018                        0.1357        0.1347          0.0029          .    0.0010   0.0010
year2019                        0.1693        0.1586          0.0284          .    0.0107   0.0107
age_0_19                       20.8853       21.9579         -0.1899     0.8972    0.0543   0.1068
age_20_39                      36.5070       38.7350         -0.1990     0.9099    0.0482   0.0864
age_40_59                      25.5179       24.7598          0.1703     1.0706    0.0473   0.0760
IMD_score                      20.2244       24.0683         -0.4024     0.6928    0.0952   0.1603
lu_residential_community        5.7550        5.5569          0.0247     1.1049    0.0138   0.0477
lu_commerce_developed          29.5587       28.6871          0.0542     1.6308    0.0506   0.0933
ss_visual_complexity           38.3921       38.3327          0.0147     0.9068    0.0044   0.0145
ss_construction                13.4845       12.9217          0.0465     1.1474    0.0382   0.0639
ss_road_flat                   28.0366       28.6050         -0.0935     1.0838    0.0326   0.0603
ss_marking                      1.6134        1.7715         -0.1490     0.9123    0.0506   0.0884
ss_nature                       1.0529        0.9839          0.0374     0.8731    0.0158   0.0309
ss_street_object                0.4293        0.4709         -0.1509     0.7378    0.0545   0.0960
od_person_count                 0.6652        0.5871          0.1158     1.3384    0.0356   0.0720
od_bicycle_count                0.0455        0.0456         -0.0016     1.1925    0.0041   0.0184
od_vehicle_count                5.1310        5.0957          0.0166     1.1948    0.0141   0.0277
od_animal_count                 0.0014        0.0015         -0.0160     0.7021    0.0012   0.0042
pop_den_log                     8.7438        8.8611         -0.1224     1.1157    0.0402   0.0870
housing_price_log              13.2651       13.0535          0.3562     1.5454    0.0948   0.1652
poi_log                         3.5340        3.3957          0.0849     1.5067    0.0620   0.1356

Summary of Balance for Matched Data:
                         Means Treated Means Control Std. Mean Diff. Var. Ratio eCDF Mean eCDF Max Std. Pair Dist.
distance                        0.3496        0.3379          0.0860     1.2299    0.0107   0.0780          0.0864
year2010                        0.0000        0.0000          0.0000          .    0.0000   0.0000          0.0000
year2011                        0.0253        0.0259         -0.0035          .    0.0005   0.0005          0.3225
year2012                        0.1379        0.1346          0.0095          .    0.0033   0.0033          0.7051
year2013                        0.0005        0.0008         -0.0117          .    0.0003   0.0003          0.0584
year2014                        0.1355        0.1349          0.0016          .    0.0005   0.0005          0.6802
year2015                        0.1387        0.1390         -0.0008          .    0.0003   0.0003          0.6805
year2016                        0.1276        0.1254          0.0065          .    0.0022   0.0022          0.6651
year2017                        0.1295        0.1292          0.0008          .    0.0003   0.0003          0.7055
year2018                        0.1357        0.1455         -0.0286          .    0.0098   0.0098          0.7257
year2019                        0.1693        0.1646          0.0124          .    0.0046   0.0046          0.7290
age_0_19                       20.8853       21.1494         -0.0468     0.9787    0.0126   0.0425          1.1022
age_20_39                      36.5070       36.3748          0.0118     0.8511    0.0236   0.0493          1.1203
age_40_59                      25.5179       25.5050          0.0029     0.9978    0.0082   0.0240          1.0528
IMD_score                      20.2244       20.2174          0.0007     0.7996    0.0219   0.0589          0.9486
lu_residential_community        5.7550        5.9462         -0.0238     0.8952    0.0172   0.0643          0.8492
lu_commerce_developed          29.5587       28.7079          0.0529     1.3108    0.0255   0.0720          1.0355
ss_visual_complexity           38.3921       38.2543          0.0340     0.9164    0.0113   0.0278          0.9191
ss_construction                13.4845       13.0142          0.0389     1.0778    0.0243   0.0515          0.9299
ss_road_flat                   28.0366       28.2718         -0.0387     0.9857    0.0184   0.0409          0.9994
ss_marking                      1.6134        1.6147         -0.0013     1.0880    0.0137   0.0324          1.0044
ss_nature                       1.0529        1.0768         -0.0129     0.6675    0.0099   0.0289          0.8111
ss_street_object                0.4293        0.4307         -0.0049     1.1148    0.0139   0.0354          0.9456
od_person_count                 0.6652        0.6320          0.0493     0.9746    0.0229   0.0559          0.9488
od_bicycle_count                0.0455        0.0452          0.0030     1.3017    0.0042   0.0125          0.6920
od_vehicle_count                5.1310        5.1464         -0.0073     1.0878    0.0066   0.0218          1.0927
od_animal_count                 0.0014        0.0013          0.0095     1.1031    0.0014   0.0033          0.3059
pop_den_log                     8.7438        8.7121          0.0330     1.0126    0.0193   0.0597          1.0414
housing_price_log              13.2651       13.2200          0.0760     1.2975    0.0189   0.0561          0.7867
poi_log                         3.5340        3.4471          0.0533     1.3259    0.0465   0.1071          1.0839

Sample Sizes:
          Control Treated
All          8720    3669
Matched      3669    3669
Unmatched    5051       0
Discarded       0       0

