
Call:
matchit(formula = formula, data = all_var_scaled_binary_treatment, 
    method = "nearest", distance = "glm")

Summary of Balance for All Data:
                          Means Treated Means Control Std. Mean Diff. Var. Ratio eCDF Mean eCDF Max
distance                         0.5653        0.1862          1.3095     2.4978    0.3585   0.5570
year2008                         0.1073        0.0877          0.0635          .    0.0197   0.0197
year2009                         0.0424        0.0371          0.0265          .    0.0053   0.0053
year2010                         0.0013        0.0010          0.0069          .    0.0002   0.0002
year2011                         0.0120        0.0101          0.0181          .    0.0020   0.0020
year2012                         0.1139        0.0993          0.0459          .    0.0146   0.0146
year2013                         0.0000        0.0001         -0.0094          .    0.0001   0.0001
year2014                         0.1113        0.0946          0.0532          .    0.0167   0.0167
year2015                         0.1356        0.1637         -0.0821          .    0.0281   0.0281
year2016                         0.1026        0.1125         -0.0325          .    0.0099   0.0099
year2017                         0.1222        0.1399         -0.0540          .    0.0177   0.0177
year2018                         0.0950        0.1078         -0.0435          .    0.0127   0.0127
year2019                         0.0967        0.0900          0.0227          .    0.0067   0.0067
year2020                         0.0595        0.0562          0.0137          .    0.0032   0.0032
ss_road                          0.1945        0.2004         -0.1201     0.8303    0.0326   0.0655
ss_sidewalk                      0.0524        0.0624         -0.2966     0.9049    0.0821   0.1284
ss_sky                           0.1391        0.1785         -0.5394     0.5951    0.1179   0.1672
ss_terrain                       0.0531        0.0211          0.5509     2.1397    0.2546   0.3416
od_person_count                  2.4256        6.8361         -0.9824     0.2311    0.0711   0.2653
od_bicycle_count                 0.1615        0.4513         -0.3680     0.2434    0.0099   0.1022
od_vehicle_count                 8.8985       13.6393         -0.4751     0.8748    0.0803   0.2198
X0_9                             0.1253        0.1196          0.1743     0.7483    0.0374   0.0899
X10_19                           0.1057        0.0983          0.1958     1.1585    0.0580   0.0891
X20_29                           0.1520        0.1877         -0.5594     0.6840    0.1595   0.2329
X30_39                           0.1755        0.1968         -0.3786     1.0066    0.1090   0.1561
X40_49                           0.1430        0.1400          0.1369     0.8478    0.0393   0.0643
X50_59                           0.1164        0.1085          0.2841     0.9864    0.0810   0.1180
X60_69                           0.0845        0.0731          0.3913     1.1839    0.1134   0.1716
X70_79                           0.0577        0.0463          0.4238     1.4266    0.1315   0.2021
X80_89                           0.0322        0.0242          0.4172     1.5479    0.1322   0.2115
IMD_score                       22.1133       26.1389         -0.3204     1.0445    0.0976   0.1635
housing_price_log               13.0004       13.0430         -0.0812     0.8947    0.0220   0.0455
pop_den_log                      7.4301        7.8392         -0.3663     1.3601    0.1211   0.1986
lu_defence                       0.0037        0.0046         -0.0203     1.2045    0.0042   0.0085
lu_industry_commerce             2.1611        5.9099         -0.8980     0.3428    0.2436   0.3451
lu_minerals_landfill             0.0093        0.0210         -0.1282     0.1898    0.0117   0.0262
lu_residential                  12.9233       15.8684         -0.3939     0.9745    0.1189   0.1771
lu_transport_utilities          19.1479       24.4180         -0.5871     1.0919    0.1904   0.2694
lu_unknown_developed_use         7.2154       10.1784         -0.5006     0.7344    0.1410   0.2208
lu_agriculture                   5.5110        2.2930          0.2548     3.3940    0.1119   0.1859
lu_forest_open_land_water        5.4874        2.8786          0.2868     2.2470    0.1291   0.1830
lu_outdoor_recreation           13.6953        7.9165          0.3095     1.9890    0.1114   0.1808
lu_residential_gardens          23.9799       20.5308          0.2306     1.0728    0.0630   0.1003
poi_log                          2.3332        3.2071         -0.5620     0.8561    0.0762   0.2388
slope                            2.3897        2.1642          0.1708     1.7331    0.0314   0.0685


Summary of Balance for Matched Data:
                          Means Treated Means Control Std. Mean Diff. Var. Ratio eCDF Mean eCDF Max Std. Pair Dist.
distance                         0.5653        0.3408          0.7755     2.5392    0.1334   0.4101          0.7755
year2008                         0.1073        0.1007          0.0213          .    0.0066   0.0066          0.5954
year2009                         0.0424        0.0391          0.0164          .    0.0033   0.0033          0.3875
year2010                         0.0013        0.0014         -0.0040          .    0.0001   0.0001          0.0759
year2011                         0.0120        0.0116          0.0039          .    0.0004   0.0004          0.2142
year2012                         0.1139        0.1098          0.0131          .    0.0042   0.0042          0.6319
year2013                         0.0000        0.0000          0.0000          .    0.0000   0.0000          0.0000
year2014                         0.1113        0.1038          0.0241          .    0.0076   0.0076          0.5900
year2015                         0.1356        0.1467         -0.0327          .    0.0112   0.0112          0.7158
year2016                         0.1026        0.1069         -0.0142          .    0.0043   0.0043          0.5960
year2017                         0.1222        0.1321         -0.0302          .    0.0099   0.0099          0.6724
year2018                         0.0950        0.0995         -0.0152          .    0.0044   0.0044          0.5879
year2019                         0.0967        0.0927          0.0136          .    0.0040   0.0040          0.5711
year2020                         0.0595        0.0556          0.0164          .    0.0039   0.0039          0.4526
ss_road                          0.1945        0.1985         -0.0819     0.8302    0.0273   0.0572          1.2043
ss_sidewalk                      0.0524        0.0595         -0.2094     0.9203    0.0581   0.0937          1.1307
ss_sky                           0.1391        0.1573         -0.2495     0.8751    0.0617   0.0992          1.1491
ss_terrain                       0.0531        0.0309          0.3820     1.3963    0.1779   0.2416          0.8704
od_person_count                  2.4256        3.4795         -0.2348     0.8181    0.0173   0.1356          0.8463
od_bicycle_count                 0.1615        0.2313         -0.0886     0.7512    0.0024   0.0363          0.4590
od_vehicle_count                 8.8985       11.4996         -0.2607     0.9060    0.0441   0.1248          1.1014
X0_9                             0.1253        0.1246          0.0217     0.9650    0.0053   0.0163          1.1254
X10_19                           0.1057        0.1021          0.0954     1.2877    0.0283   0.0546          1.0200
X20_29                           0.1520        0.1686         -0.2599     1.0161    0.0931   0.1500          1.0452
X30_39                           0.1755        0.1880         -0.2219     1.0536    0.0650   0.1000          1.0954
X40_49                           0.1430        0.1424          0.0284     0.9680    0.0091   0.0219          1.1346
X50_59                           0.1164        0.1119          0.1626     1.1042    0.0460   0.0801          1.0958
X60_69                           0.0845        0.0777          0.2335     1.1753    0.0659   0.1065          1.0592
X70_79                           0.0577        0.0509          0.2514     1.3034    0.0739   0.1311          1.0058
X80_89                           0.0322        0.0273          0.2513     1.2745    0.0747   0.1337          0.9832
IMD_score                       22.1133       24.4096         -0.1828     1.0352    0.0579   0.1025          1.1073
housing_price_log               13.0004       13.0161         -0.0299     0.9329    0.0064   0.0169          1.1381
pop_den_log                      7.4301        7.7686         -0.3031     1.3622    0.0953   0.1641          0.9701
lu_defence                       0.0037        0.0034          0.0064     1.9920    0.0037   0.0097          0.1618
lu_industry_commerce             2.1611        3.2509         -0.2611     0.8453    0.1299   0.2024          0.8344
lu_minerals_landfill             0.0093        0.0091          0.0019     1.3197    0.0036   0.0099          0.2014
lu_residential                  12.9233       15.1925         -0.3035     1.0867    0.0960   0.1503          1.0735
lu_transport_utilities          19.1479       22.3032         -0.3515     1.0970    0.1145   0.1664          1.0375
lu_unknown_developed_use         7.2154        8.8100         -0.2694     0.7960    0.0772   0.1235          1.0843
lu_agriculture                   5.5110        3.0036          0.1985     2.5770    0.0736   0.1231          0.5659
lu_forest_open_land_water        5.4874        3.4307          0.2261     1.6761    0.1021   0.1596          0.6896
lu_outdoor_recreation           13.6953       10.1647          0.1891     1.4533    0.0712   0.1145          0.8477
lu_residential_gardens          23.9799       23.6055          0.0250     1.0427    0.0078   0.0330          1.1182
poi_log                          2.3332        2.8064         -0.3043     0.9706    0.0269   0.1645          1.1267
slope                            2.3897        2.1888          0.1522     1.5143    0.0312   0.0732          0.9548

Sample Sizes:
          Control Treated
All         16287    6978
Matched      6978    6978
Unmatched    9309       0
Discarded       0       0

