
Call:
matchit(formula = formula, data = all_var_scaled_binary_treatment, 
    method = "nearest", distance = "glm")

Summary of Balance for All Data:
                          Means Treated Means Control Std. Mean Diff. Var. Ratio eCDF Mean eCDF Max
distance                         0.7839        0.5040          1.4473     0.6842    0.3299   0.5125
year2008                         0.0992        0.0804          0.0631          .    0.0189   0.0189
year2009                         0.0386        0.0388         -0.0010          .    0.0002   0.0002
year2010                         0.0012        0.0010          0.0048          .    0.0002   0.0002
year2011                         0.0104        0.0113         -0.0093          .    0.0009   0.0009
year2012                         0.1075        0.0948          0.0410          .    0.0127   0.0127
year2013                         0.0001        0.0000          0.0078          .    0.0001   0.0001
year2014                         0.1003        0.0980          0.0079          .    0.0024   0.0024
year2015                         0.1470        0.1745         -0.0775          .    0.0275   0.0275
year2016                         0.1067        0.1162         -0.0308          .    0.0095   0.0095
year2017                         0.1301        0.1453         -0.0451          .    0.0152   0.0152
year2018                         0.1030        0.1061         -0.0104          .    0.0032   0.0032
year2019                         0.0973        0.0796          0.0597          .    0.0177   0.0177
year2020                         0.0586        0.0540          0.0195          .    0.0046   0.0046
ss_road                          0.1993        0.1970          0.0443     0.8991    0.0150   0.0372
ss_sidewalk                      0.0576        0.0635         -0.1685     0.9699    0.0495   0.0841
ss_sky                           0.1639        0.1731         -0.1074     0.7000    0.0204   0.0572
ss_terrain                       0.0390        0.0114          0.5309     2.8940    0.2542   0.3900
od_person_count                  3.6126        9.9466         -1.0457     0.2969    0.1021   0.3359
od_bicycle_count                 0.2518        0.6271         -0.3367     0.3426    0.0128   0.1249
od_vehicle_count                11.2940       14.3712         -0.2866     1.0950    0.0521   0.1904
X0_9                             0.1244        0.1142          0.3015     0.6642    0.0703   0.1674
X10_19                           0.1034        0.0937          0.2685     1.0039    0.0788   0.1411
X20_29                           0.1663        0.2020         -0.5064     0.7679    0.1486   0.2147
X30_39                           0.1839        0.2054         -0.3859     0.9550    0.1066   0.1576
X40_49                           0.1417        0.1392          0.1101     0.8329    0.0355   0.0618
X50_59                           0.1129        0.1061          0.2461     0.9264    0.0691   0.1079
X60_69                           0.0795        0.0698          0.3425     1.1783    0.0946   0.1322
X70_79                           0.0527        0.0428          0.3915     1.3557    0.1158   0.1579
X80_89                           0.0286        0.0219          0.3753     1.6057    0.1172   0.1718
IMD_score                       23.9617       27.1936         -0.2592     1.0259    0.0747   0.1238
housing_price_log               13.0112       13.0746         -0.1191     0.8666    0.0346   0.0783
pop_den_log                      7.6429        7.8881         -0.2348     1.1892    0.0784   0.1231
lu_defence                       0.0048        0.0032          0.0354     2.1171    0.0046   0.0109
lu_industry_commerce             3.3434        8.1494         -0.9008     0.4496    0.2520   0.3587
lu_minerals_landfill             0.0188        0.0145          0.0213     2.4400    0.0144   0.0395
lu_residential                  14.3344       16.5029         -0.2884     0.9322    0.0809   0.1197
lu_transport_utilities          21.3866       26.2213         -0.5390     1.1810    0.1704   0.2522
lu_unknown_developed_use         8.3659       11.4445         -0.4895     0.7388    0.1328   0.2066
lu_agriculture                   4.0483        1.4153          0.2561     4.2588    0.1146   0.1908
lu_forest_open_land_water        4.2937        2.1853          0.2650     2.8081    0.1135   0.1640
lu_outdoor_recreation           11.0771        6.3202          0.2879     2.1353    0.0912   0.1734
lu_residential_gardens          23.1309       17.9133          0.3569     1.0653    0.0963   0.1717
poi_log                          2.6810        3.5607         -0.5448     0.8940    0.0954   0.2301
slope                            2.2647        2.1551          0.0920     1.7521    0.0244   0.0680


Summary of Balance for Matched Data:
                          Means Treated Means Control Std. Mean Diff. Var. Ratio eCDF Mean eCDF Max Std. Pair Dist.
distance                         0.9427        0.5040          2.2678     0.0281    0.5767   0.9533          2.2678
year2008                         0.1137        0.0804          0.1116          .    0.0334   0.0334          0.5898
year2009                         0.0417        0.0388          0.0149          .    0.0029   0.0029          0.3999
year2010                         0.0013        0.0010          0.0084          .    0.0003   0.0003          0.0671
year2011                         0.0105        0.0113         -0.0085          .    0.0009   0.0009          0.2148
year2012                         0.1156        0.0948          0.0670          .    0.0208   0.0208          0.6016
year2013                         0.0001        0.0000          0.0183          .    0.0001   0.0001          0.0183
year2014                         0.1087        0.0980          0.0358          .    0.0107   0.0107          0.6098
year2015                         0.1248        0.1745         -0.1404          .    0.0497   0.0497          0.7156
year2016                         0.0960        0.1162         -0.0654          .    0.0202   0.0202          0.6232
year2017                         0.1209        0.1453         -0.0724          .    0.0244   0.0244          0.6805
year2018                         0.1017        0.1061         -0.0146          .    0.0044   0.0044          0.6132
year2019                         0.1079        0.0796          0.0952          .    0.0282   0.0282          0.5717
year2020                         0.0572        0.0540          0.0134          .    0.0032   0.0032          0.4514
ss_road                          0.1994        0.1970          0.0472     0.8932    0.0139   0.0391          1.1749
ss_sidewalk                      0.0486        0.0635         -0.4282     0.8699    0.1251   0.1902          1.1563
ss_sky                           0.1533        0.1731         -0.2324     0.6464    0.0449   0.0842          1.2124
ss_terrain                       0.0712        0.0114          1.1515     4.1085    0.4642   0.6048          1.2136
od_person_count                  1.3053        9.9466         -1.4267     0.0402    0.1394   0.5102          1.5237
od_bicycle_count                 0.0934        0.6271         -0.4788     0.0904    0.0183   0.1899          0.6127
od_vehicle_count                 7.5887       14.3712         -0.6317     0.8854    0.1149   0.3611          1.1378
X0_9                             0.1278        0.1142          0.4015     0.5590    0.0950   0.2144          1.2660
X10_19                           0.1105        0.0937          0.4670     0.9723    0.1374   0.2215          1.1247
X20_29                           0.1406        0.2020         -0.8719     0.4444    0.2652   0.3860          1.2076
X30_39                           0.1649        0.2054         -0.7278     0.8835    0.2086   0.2959          1.2308
X40_49                           0.1435        0.1392          0.1925     0.7339    0.0591   0.0955          1.1459
X50_59                           0.1198        0.1061          0.4942     0.8581    0.1432   0.2143          1.1855
X60_69                           0.0890        0.0698          0.6815     1.2069    0.1939   0.2822          1.2009
X70_79                           0.0612        0.0428          0.7314     1.5789    0.2142   0.3143          1.1890
X80_89                           0.0344        0.0219          0.7039     1.9839    0.2120   0.3234          1.1300
IMD_score                       20.6084       27.1936         -0.5281     0.9339    0.1539   0.2470          1.1593
housing_price_log               12.9907       13.0746         -0.1575     0.7959    0.0439   0.0920          1.1358
pop_den_log                      7.2592        7.8881         -0.6022     1.3337    0.1939   0.2974          1.1666
lu_defence                       0.0049        0.0032          0.0390     2.6625    0.0048   0.0146          0.1804
lu_industry_commerce             1.2054        8.1494         -1.3016     0.0889    0.4183   0.5810          1.4087
lu_minerals_landfill             0.0257        0.0145          0.0560     4.1639    0.0144   0.0338          0.1978
lu_residential                  11.4939       16.5029         -0.6662     0.7348    0.1940   0.2759          1.1956
lu_transport_utilities          17.1756       26.2213         -1.0085     0.9703    0.3250   0.4645          1.2816
lu_unknown_developed_use         6.0180       11.4445         -0.8628     0.5468    0.2591   0.4007          1.2532
lu_agriculture                   7.1128        1.4153          0.5541     7.7980    0.2172   0.3369          0.7338
lu_forest_open_land_water        6.6008        2.1853          0.5549     4.4485    0.2204   0.2997          0.8342
lu_outdoor_recreation           15.7222        6.3202          0.5690     3.0522    0.1810   0.2982          0.9517
lu_residential_gardens          25.1617       17.9133          0.4958     1.1571    0.1334   0.2147          1.2396
poi_log                          1.9890        3.5607         -0.9734     0.7153    0.1386   0.4190          1.3515
slope                            2.4704        2.1551          0.2648     2.3221    0.0488   0.1216          1.0624

Sample Sizes:
          Control Treated
All          6981   16284
Matched      6981    6981
Unmatched       0    9303
Discarded       0       0

