
Call:
matchit(formula = formula, data = all_var_scaled_binary_treatment, 
    method = "nearest", distance = "glm")

Summary of Balance for All Data:
                          Means Treated Means Control Std. Mean Diff. Var. Ratio eCDF Mean eCDF Max
distance                         0.9225        0.6976          2.0442     0.2463    0.3684   0.5772
year2008                         0.0958        0.0739          0.0742          .    0.0218   0.0218
year2009                         0.0377        0.0477         -0.0526          .    0.0100   0.0100
year2010                         0.0012        0.0004          0.0221          .    0.0008   0.0008
year2011                         0.0107        0.0103          0.0037          .    0.0004   0.0004
year2012                         0.1067        0.0765          0.0980          .    0.0303   0.0303
year2013                         0.0000        0.0000          0.0069          .    0.0000   0.0000
year2014                         0.1003        0.0933          0.0236          .    0.0071   0.0071
year2015                         0.1516        0.1878         -0.1008          .    0.0362   0.0362
year2016                         0.1088        0.1156         -0.0217          .    0.0068   0.0068
year2017                         0.1326        0.1530         -0.0602          .    0.0204   0.0204
year2018                         0.1032        0.1104         -0.0238          .    0.0072   0.0072
year2019                         0.0938        0.0761          0.0608          .    0.0177   0.0177
year2020                         0.0575        0.0550          0.0105          .    0.0024   0.0024
ss_road                          0.1999        0.1869          0.2463     1.0255    0.0688   0.1015
ss_sidewalk                      0.0586        0.0662         -0.2170     0.9847    0.0648   0.1093
ss_sky                           0.1709        0.1286          0.4662     1.3886    0.1453   0.2236
ss_terrain                       0.0337        0.0041          0.5969     6.0607    0.3017   0.5274
od_person_count                  4.4720       14.8818         -1.4645     0.3168    0.1679   0.4627
od_bicycle_count                 0.2995        0.9489         -0.5395     0.2243    0.0220   0.1963
od_vehicle_count                11.9757       14.3919         -0.2229     1.4729    0.0433   0.2362
X0_9                             0.1235        0.1019          0.6110     0.7005    0.1554   0.2964
X10_19                           0.1023        0.0840          0.5131     1.0201    0.1514   0.2792
X20_29                           0.1726        0.2165         -0.6014     0.7383    0.1723   0.2738
X30_39                           0.1873        0.2177         -0.5446     0.8642    0.1444   0.2175
X40_49                           0.1410        0.1403          0.0295     0.6447    0.0373   0.0692
X50_59                           0.1115        0.1051          0.2306     0.7888    0.0674   0.1213
X60_69                           0.0773        0.0694          0.2839     0.9776    0.0721   0.1107
X70_79                           0.0507        0.0408          0.4050     1.2335    0.1177   0.1840
X80_89                           0.0273        0.0199          0.4281     1.9662    0.1299   0.1793
IMD_score                       24.7663       26.4178         -0.1318     1.0541    0.0425   0.0976
housing_price_log               13.0090       13.2214         -0.3954     0.8556    0.1097   0.1949
pop_den_log                      7.7047        7.8224         -0.1152     0.9445    0.0507   0.0965
lu_defence                       0.0047        0.0009          0.0880    11.4729    0.0106   0.0203
lu_industry_commerce             4.0772       11.1591         -1.1967     0.4525    0.3026   0.4438
lu_minerals_landfill             0.0175        0.0176         -0.0007     5.8934    0.0314   0.0875
lu_residential                  14.7828       16.8049         -0.2659     0.9150    0.0721   0.1216
lu_transport_utilities          22.2422       28.1926         -0.6598     1.5443    0.2123   0.3364
lu_unknown_developed_use         8.8370       13.3624         -0.6991     0.6772    0.1765   0.2933
lu_agriculture                   3.5115        0.9788          0.2672     6.0281    0.1276   0.2255
lu_forest_open_land_water        3.8806        1.6855          0.2948     3.2937    0.1284   0.1900
lu_outdoor_recreation           10.2543        4.2098          0.3817     4.7629    0.1108   0.2285
lu_residential_gardens          22.4213       13.8631          0.5853     1.2950    0.1588   0.2633
poi_log                          2.8104        4.1561         -0.8158     1.0839    0.1601   0.3526
slope                            2.2258        2.2859         -0.0530     1.5820    0.0496   0.0895


Summary of Balance for Matched Data:
                          Means Treated Means Control Std. Mean Diff. Var. Ratio eCDF Mean eCDF Max Std. Pair Dist.
distance                         0.9996        0.6976          2.7454     0.0000    0.7785   0.9970          2.7454
year2008                         0.1083        0.0739          0.1168          .    0.0344   0.0344          0.5520
year2009                         0.0327        0.0477         -0.0790          .    0.0150   0.0150          0.3994
year2010                         0.0009        0.0004          0.0124          .    0.0004   0.0004          0.0373
year2011                         0.0107        0.0103          0.0042          .    0.0004   0.0004          0.2047
year2012                         0.1268        0.0765          0.1628          .    0.0503   0.0503          0.5943
year2013                         0.0004        0.0000          0.0622          .    0.0004   0.0004          0.0622
year2014                         0.1156        0.0933          0.0744          .    0.0223   0.0223          0.6150
year2015                         0.1139        0.1878         -0.2061          .    0.0739   0.0739          0.7381
year2016                         0.1070        0.1156         -0.0276          .    0.0086   0.0086          0.6458
year2017                         0.1018        0.1530         -0.1508          .    0.0511   0.0511          0.6729
year2018                         0.1169        0.1104          0.0212          .    0.0064   0.0064          0.6653
year2019                         0.1083        0.0761          0.1105          .    0.0322   0.0322          0.5852
year2020                         0.0567        0.0550          0.0074          .    0.0017   0.0017          0.4691
ss_road                          0.1924        0.1869          0.1031     0.9355    0.0245   0.0662          1.1162
ss_sidewalk                      0.0358        0.0662         -0.8691     0.7072    0.2616   0.3739          1.2781
ss_sky                           0.2059        0.1286          0.8512     1.7197    0.2500   0.3730          1.3319
ss_terrain                       0.1453        0.0041          2.8486     6.3489    0.8418   0.9721          2.8539
od_person_count                  0.8685       14.8818         -1.9714     0.0237    0.2260   0.7349          2.0017
od_bicycle_count                 0.0374        0.9489         -0.7572     0.0084    0.0310   0.3030          0.7965
od_vehicle_count                 5.5067       14.3919         -0.8196     0.9998    0.1506   0.5535          1.1807
X0_9                             0.1318        0.1019          0.8462     0.5405    0.2200   0.4001          1.3729
X10_19                           0.1117        0.0840          0.7755     0.7821    0.2393   0.4065          1.2806
X20_29                           0.1361        0.2165         -1.1028     0.3151    0.3339   0.5135          1.3417
X30_39                           0.1624        0.2177         -0.9912     0.8554    0.2861   0.4113          1.4242
X40_49                           0.1434        0.1403          0.1364     0.4970    0.0625   0.1220          1.2108
X50_59                           0.1211        0.1051          0.5749     0.6952    0.1726   0.2793          1.2214
X60_69                           0.0887        0.0694          0.6931     1.0703    0.1887   0.2772          1.2829
X70_79                           0.0612        0.0408          0.8312     1.5598    0.2342   0.3262          1.3041
X80_89                           0.0350        0.0199          0.8732     2.6741    0.2509   0.3700          1.2379
IMD_score                       20.3626       26.4178         -0.4831     0.9488    0.1440   0.2471          1.1629
housing_price_log               12.9157       13.2214         -0.5690     0.7151    0.1571   0.2527          1.2180
pop_den_log                      6.9694        7.8224         -0.8349     1.1760    0.2552   0.3795          1.3799
lu_defence                       0.0129        0.0009          0.2794    57.0499    0.0197   0.0292          0.3210
lu_industry_commerce             1.1693       11.1591         -1.6881     0.0844    0.5439   0.7366          1.7606
lu_minerals_landfill             0.0141        0.0176         -0.0182     1.8396    0.0316   0.0881          0.1632
lu_residential                   9.4941       16.8049         -0.9612     0.5803    0.2786   0.4117          1.2851
lu_transport_utilities          16.0568       28.1926         -1.3456     1.5459    0.4408   0.6446          1.5481
lu_unknown_developed_use         5.5274       13.3624         -1.2103     0.5321    0.3707   0.5428          1.5159
lu_agriculture                   9.6729        0.9788          0.9173    17.5032    0.3157   0.5024          1.0376
lu_forest_open_land_water        6.5941        1.6855          0.6592     5.3328    0.2703   0.3700          0.9016
lu_outdoor_recreation           21.2641        4.2098          1.0770     9.9247    0.2903   0.4766          1.2299
lu_residential_gardens          22.2864       13.8631          0.5761     1.2429    0.1549   0.3055          1.1769
poi_log                          1.6701        4.1561         -1.5072     0.6884    0.2286   0.6382          1.6848
slope                            2.3040        2.2859          0.0160     1.8933    0.0615   0.1349          1.0730

Sample Sizes:
          Control Treated
All          2327   20938
Matched      2327    2327
Unmatched       0   18611
Discarded       0       0

