
Call:
matchit(formula = formula, data = all_var_scaled_binary_treatment, 
    method = "nearest", distance = "glm")

Summary of Balance for All Data:
                          Means Treated Means Control Std. Mean Diff. Var. Ratio eCDF Mean eCDF Max
distance                         0.8469        0.6121          1.5434     0.4415    0.3258   0.5003
year2008                         0.0974        0.0784          0.0639          .    0.0189   0.0189
year2009                         0.0383        0.0402         -0.0097          .    0.0019   0.0019
year2010                         0.0011        0.0011          0.0016          .    0.0001   0.0001
year2011                         0.0107        0.0103          0.0042          .    0.0004   0.0004
year2012                         0.1079        0.0870          0.0673          .    0.0209   0.0209
year2013                         0.0001        0.0000          0.0073          .    0.0001   0.0001
year2014                         0.1004        0.0967          0.0122          .    0.0037   0.0037
year2015                         0.1482        0.1833         -0.0986          .    0.0350   0.0350
year2016                         0.1089        0.1122         -0.0106          .    0.0033   0.0033
year2017                         0.1302        0.1523         -0.0658          .    0.0222   0.0222
year2018                         0.1033        0.1064         -0.0100          .    0.0030   0.0030
year2019                         0.0960        0.0763          0.0668          .    0.0197   0.0197
year2020                         0.0575        0.0559          0.0072          .    0.0017   0.0017
ss_road                          0.2000        0.1929          0.1351     0.9614    0.0386   0.0592
ss_sidewalk                      0.0581        0.0645         -0.1829     0.9510    0.0525   0.0846
ss_sky                           0.1681        0.1609          0.0812     0.8245    0.0409   0.0657
ss_terrain                       0.0362        0.0089          0.5378     3.3721    0.2636   0.4291
od_person_count                  3.9903       11.6034         -1.1772     0.2941    0.1228   0.3761
od_bicycle_count                 0.2714        0.7364         -0.4062     0.2896    0.0158   0.1478
od_vehicle_count                11.6812       14.3614         -0.2474     1.2232    0.0455   0.2024
X0_9                             0.1238        0.1114          0.3620     0.6472    0.0866   0.1977
X10_19                           0.1027        0.0915          0.3132     0.9654    0.0931   0.1662
X20_29                           0.1699        0.2056         -0.4951     0.7940    0.1486   0.2177
X30_39                           0.1858        0.2089         -0.4154     0.9311    0.1127   0.1636
X40_49                           0.1413        0.1396          0.0762     0.8112    0.0289   0.0564
X50_59                           0.1122        0.1057          0.2328     0.9051    0.0667   0.1117
X60_69                           0.0784        0.0692          0.3267     1.1576    0.0888   0.1261
X70_79                           0.0516        0.0421          0.3813     1.3799    0.1105   0.1521
X80_89                           0.0279        0.0213          0.3724     1.6968    0.1148   0.1672
IMD_score                       24.4340       26.9208         -0.1978     1.0893    0.0601   0.1058
housing_price_log               13.0100       13.1108         -0.1886     0.8438    0.0520   0.1103
pop_den_log                      7.6756        7.8800         -0.1976     1.1336    0.0678   0.1119
lu_defence                       0.0050        0.0016          0.0771     4.3830    0.0104   0.0188
lu_industry_commerce             3.7395        8.9683         -0.9146     0.4933    0.2665   0.3841
lu_minerals_landfill             0.0186        0.0131          0.0271     7.5456    0.0179   0.0493
lu_residential                  14.5534       16.7115         -0.2861     0.9129    0.0777   0.1216
lu_transport_utilities          21.8492       26.7888         -0.5472     1.2964    0.1744   0.2606
lu_unknown_developed_use         8.5961       12.0632         -0.5408     0.7508    0.1480   0.2282
lu_agriculture                   3.7607        1.2489          0.2548     4.6717    0.1172   0.1993
lu_forest_open_land_water        4.0845        1.9678          0.2759     2.8012    0.1211   0.1720
lu_outdoor_recreation           10.6486        5.6555          0.3088     2.4851    0.0916   0.1843
lu_residential_gardens          22.7483       16.8345          0.4039     1.1164    0.1091   0.1862
poi_log                          2.7479        3.7330         -0.6018     0.9511    0.1093   0.2532
slope                            2.2449        2.1794          0.0565     1.6884    0.0284   0.0579


Summary of Balance for Matched Data:
                          Means Treated Means Control Std. Mean Diff. Var. Ratio eCDF Mean eCDF Max Std. Pair Dist.
distance                         0.9816        0.6121          2.4286     0.0029    0.6580   0.9824          2.4286
year2008                         0.1154        0.0784          0.1247          .    0.0370   0.0370          0.5958
year2009                         0.0423        0.0402          0.0112          .    0.0021   0.0021          0.4030
year2010                         0.0011        0.0011          0.0000          .    0.0000   0.0000          0.0021
year2011                         0.0135        0.0103          0.0313          .    0.0032   0.0032          0.2313
year2012                         0.1233        0.0870          0.1170          .    0.0363   0.0363          0.6129
year2013                         0.0002        0.0000          0.0293          .    0.0002   0.0002          0.0293
year2014                         0.1087        0.0967          0.0400          .    0.0120   0.0120          0.6107
year2015                         0.1109        0.1833         -0.2038          .    0.0724   0.0724          0.7008
year2016                         0.1066        0.1122         -0.0179          .    0.0056   0.0056          0.6126
year2017                         0.1044        0.1523         -0.1424          .    0.0479   0.0479          0.6724
year2018                         0.1057        0.1064         -0.0021          .    0.0006   0.0006          0.6149
year2019                         0.1132        0.0763          0.1255          .    0.0370   0.0370          0.5894
year2020                         0.0546        0.0559         -0.0055          .    0.0013   0.0013          0.4558
ss_road                          0.2008        0.1929          0.1509     0.9644    0.0392   0.0640          1.1814
ss_sidewalk                      0.0417        0.0645         -0.6531     0.7470    0.1918   0.2808          1.2034
ss_sky                           0.1695        0.1609          0.0962     0.8643    0.0476   0.0844          1.2011
ss_terrain                       0.0973        0.0089          1.7433     4.9517    0.6333   0.8030          1.7638
od_person_count                  0.9620       11.6034         -1.6455     0.0234    0.1716   0.6177          1.6975
od_bicycle_count                 0.0501        0.7364         -0.5995     0.0231    0.0235   0.2387          0.6596
od_vehicle_count                 6.1863       14.3614         -0.7545     0.8576    0.1386   0.4635          1.1610
X0_9                             0.1287        0.1114          0.5024     0.5034    0.1240   0.2654          1.3056
X10_19                           0.1122        0.0915          0.5797     0.7635    0.1785   0.2899          1.1786
X20_29                           0.1355        0.2056         -0.9715     0.4093    0.3085   0.4581          1.2431
X30_39                           0.1584        0.2089         -0.9051     0.8487    0.2604   0.3563          1.3223
X40_49                           0.1434        0.1396          0.1684     0.6581    0.0562   0.0991          1.1325
X50_59                           0.1221        0.1057          0.5919     0.8225    0.1751   0.2686          1.2248
X60_69                           0.0918        0.0692          0.8018     1.2603    0.2234   0.3305          1.2847
X70_79                           0.0633        0.0421          0.8501     1.6938    0.2422   0.3541          1.2693
X80_89                           0.0359        0.0213          0.8284     2.2331    0.2426   0.3724          1.2034
IMD_score                       19.9787       26.9208         -0.5520     0.9515    0.1650   0.2654          1.1387
housing_price_log               12.9641       13.1108         -0.2747     0.7126    0.0725   0.1375          1.1593
pop_den_log                      7.0458        7.8800         -0.8065     1.3184    0.2516   0.3816          1.3005
lu_defence                       0.0089        0.0016          0.1653    11.1993    0.0168   0.0316          0.2350
lu_industry_commerce             1.0388        8.9683         -1.3871     0.0809    0.4913   0.6839          1.4632
lu_minerals_landfill             0.0356        0.0131          0.1124    20.6684    0.0197   0.0436          0.2400
lu_residential                  10.0390       16.7115         -0.8844     0.5996    0.2565   0.3754          1.2589
lu_transport_utilities          15.8182       26.7888         -1.2153     1.0223    0.3944   0.5578          1.4114
lu_unknown_developed_use         5.2526       12.0632         -1.0624     0.4601    0.3314   0.5021          1.3411
lu_agriculture                   9.0922        1.2489          0.7956    11.9420    0.2844   0.4302          0.9429
lu_forest_open_land_water        7.6789        1.9678          0.7444     5.5294    0.2821   0.3881          0.9904
lu_outdoor_recreation           18.0919        5.6555          0.7690     4.2357    0.2286   0.3713          1.0926
lu_residential_gardens          24.2365       16.8345          0.5055     1.2003    0.1347   0.2237          1.2261
poi_log                          1.6929        3.7330         -1.2462     0.6479    0.1698   0.5376          1.4906
slope                            2.5080        2.1794          0.2831     2.4665    0.0567   0.1459          1.1313

Sample Sizes:
          Control Treated
All          4654   18611
Matched      4654    4654
Unmatched       0   13957
Discarded       0       0

