
Call:
matchit(formula = formula, data = all_var_scaled_binary_treatment, 
    method = "nearest", distance = "glm")

Summary of Balance for All Data:
                          Means Treated Means Control Std. Mean Diff. Var. Ratio eCDF Mean eCDF Max
distance                         0.7264        0.4102          1.4278     0.8841    0.3334   0.5173
year2008                         0.0997        0.0844          0.0508          .    0.0152   0.0152
year2009                         0.0380        0.0396         -0.0084          .    0.0016   0.0016
year2010                         0.0011        0.0011          0.0021          .    0.0001   0.0001
year2011                         0.0100        0.0116         -0.0158          .    0.0016   0.0016
year2012                         0.1069        0.0989          0.0257          .    0.0080   0.0080
year2013                         0.0001        0.0000          0.0085          .    0.0001   0.0001
year2014                         0.1032        0.0943          0.0291          .    0.0088   0.0088
year2015                         0.1467        0.1680         -0.0602          .    0.0213   0.0213
year2016                         0.1073        0.1129         -0.0183          .    0.0057   0.0057
year2017                         0.1302        0.1413         -0.0330          .    0.0111   0.0111
year2018                         0.1010        0.1084         -0.0247          .    0.0074   0.0074
year2019                         0.0970        0.0846          0.0421          .    0.0125   0.0125
year2020                         0.0588        0.0548          0.0171          .    0.0040   0.0040
ss_road                          0.1985        0.1988         -0.0055     0.8798    0.0099   0.0218
ss_sidewalk                      0.0569        0.0631         -0.1770     0.9701    0.0519   0.0861
ss_sky                           0.1584        0.1791         -0.2538     0.6449    0.0472   0.0930
ss_terrain                       0.0415        0.0145          0.5088     2.4539    0.2423   0.3583
od_person_count                  3.2877        8.8503         -0.9841     0.2867    0.0897   0.3057
od_bicycle_count                 0.2302        0.5656         -0.3118     0.3655    0.0115   0.1160
od_vehicle_count                10.9042       14.1864         -0.3080     1.0431    0.0556   0.1834
X0_9                             0.1249        0.1161          0.2618     0.6962    0.0598   0.1410
X10_19                           0.1040        0.0952          0.2424     1.0438    0.0712   0.1196
X20_29                           0.1629        0.1981         -0.5139     0.7301    0.1476   0.2135
X30_39                           0.1819        0.2031         -0.3817     0.9519    0.1059   0.1570
X40_49                           0.1421        0.1392          0.1273     0.8280    0.0378   0.0644
X50_59                           0.1139        0.1064          0.2730     0.9351    0.0759   0.1126
X60_69                           0.0806        0.0705          0.3537     1.1655    0.0991   0.1367
X70_79                           0.0536        0.0439          0.3836     1.3564    0.1151   0.1623
X80_89                           0.0292        0.0225          0.3680     1.6188    0.1143   0.1744
IMD_score                       23.5524       26.9993         -0.2765     1.0282    0.0803   0.1339
housing_price_log               13.0127       13.0565         -0.0823     0.8970    0.0263   0.0626
pop_den_log                      7.6116        7.8737         -0.2486     1.2082    0.0836   0.1378
lu_defence                       0.0043        0.0043         -0.0007     1.5051    0.0017   0.0042
lu_industry_commerce             3.0153        7.4399         -0.8781     0.4261    0.2424   0.3397
lu_minerals_landfill             0.0161        0.0195         -0.0204     0.7238    0.0124   0.0346
lu_residential                  14.1009       16.3108         -0.2945     0.9467    0.0864   0.1357
lu_transport_utilities          20.9481       25.6702         -0.5243     1.1740    0.1694   0.2481
lu_unknown_developed_use         8.1260       11.0346         -0.4684     0.7499    0.1293   0.2022
lu_agriculture                   4.2886        1.7132          0.2411     3.5401    0.1047   0.1795
lu_forest_open_land_water        4.4662        2.4538          0.2464     2.4226    0.1048   0.1519
lu_outdoor_recreation           11.4901        6.8902          0.2734     1.9097    0.0941   0.1690
lu_residential_gardens          23.4186       18.7863          0.3167     1.0443    0.0856   0.1478
poi_log                          2.6201        3.4322         -0.5082     0.8710    0.0861   0.2129
slope                            2.2832        2.1548          0.1060     1.6536    0.0183   0.0594


Summary of Balance for Matched Data:
                          Means Treated Means Control Std. Mean Diff. Var. Ratio eCDF Mean eCDF Max Std. Pair Dist.
distance                         0.8576        0.4102          2.0202     0.1678    0.4833   0.8380          2.0202
year2008                         0.1010        0.0844          0.0552          .    0.0165   0.0165          0.5667
year2009                         0.0388        0.0396         -0.0045          .    0.0009   0.0009          0.3931
year2010                         0.0014        0.0011          0.0095          .    0.0003   0.0003          0.0730
year2011                         0.0095        0.0116         -0.0216          .    0.0021   0.0021          0.2113
year2012                         0.1100        0.0989          0.0358          .    0.0111   0.0111          0.6033
year2013                         0.0001        0.0000          0.0127          .    0.0001   0.0001          0.0127
year2014                         0.1092        0.0943          0.0487          .    0.0148   0.0148          0.5990
year2015                         0.1385        0.1680         -0.0835          .    0.0295   0.0295          0.7296
year2016                         0.1060        0.1129         -0.0222          .    0.0069   0.0069          0.6298
year2017                         0.1262        0.1413         -0.0447          .    0.0150   0.0150          0.6679
year2018                         0.0980        0.1084         -0.0346          .    0.0104   0.0104          0.6180
year2019                         0.1029        0.0846          0.0621          .    0.0184   0.0184          0.5688
year2020                         0.0584        0.0548          0.0155          .    0.0037   0.0037          0.4493
ss_road                          0.1985        0.1988         -0.0053     0.8795    0.0103   0.0228          1.1679
ss_sidewalk                      0.0534        0.0631         -0.2797     0.9317    0.0813   0.1300          1.1554
ss_sky                           0.1472        0.1791         -0.3916     0.5483    0.0835   0.1400          1.2448
ss_terrain                       0.0550        0.0145          0.7621     2.9882    0.3336   0.4533          0.9385
od_person_count                  1.7905        8.8503         -1.2490     0.0701    0.1139   0.3988          1.4269
od_bicycle_count                 0.1321        0.5656         -0.4030     0.1670    0.0148   0.1554          0.6023
od_vehicle_count                 8.9669       14.1864         -0.4898     0.9446    0.0885   0.2677          1.1285
X0_9                             0.1275        0.1161          0.3412     0.6181    0.0794   0.1723          1.2354
X10_19                           0.1078        0.0952          0.3475     1.0159    0.1013   0.1641          1.0911
X20_29                           0.1478        0.1981         -0.7346     0.5134    0.2122   0.3040          1.1823
X30_39                           0.1721        0.2031         -0.5592     0.9002    0.1581   0.2288          1.1589
X40_49                           0.1434        0.1392          0.1870     0.7750    0.0549   0.0893          1.1502
X50_59                           0.1177        0.1064          0.4124     0.8705    0.1180   0.1748          1.1583
X60_69                           0.0854        0.0705          0.5245     1.1605    0.1502   0.2105          1.1271
X70_79                           0.0580        0.0439          0.5567     1.4563    0.1672   0.2471          1.0899
X80_89                           0.0323        0.0225          0.5385     1.7936    0.1664   0.2546          1.0246
IMD_score                       21.9463       26.9993         -0.4054     1.0235    0.1194   0.1984          1.1451
housing_price_log               13.0094       13.0565         -0.0884     0.8638    0.0290   0.0692          1.1308
pop_den_log                      7.4618        7.8737         -0.3908     1.2890    0.1285   0.2013          1.0669
lu_defence                       0.0035        0.0043         -0.0178     1.1663    0.0027   0.0072          0.1764
lu_industry_commerce             1.5500        7.4399         -1.1689     0.1286    0.3396   0.4739          1.3317
lu_minerals_landfill             0.0153        0.0195         -0.0253     0.7632    0.0132   0.0365          0.1995
lu_residential                  12.9587       16.3108         -0.4467     0.8512    0.1307   0.2028          1.1389
lu_transport_utilities          18.8438       25.6702         -0.7579     1.0693    0.2461   0.3612          1.1427
lu_unknown_developed_use         6.8207       11.0346         -0.6785     0.6424    0.1972   0.3088          1.1889
lu_agriculture                   5.5937        1.7132          0.3633     4.7502    0.1483   0.2448          0.5920
lu_forest_open_land_water        5.3442        2.4538          0.3539     2.9554    0.1480   0.2004          0.7062
lu_outdoor_recreation           13.5996        6.8902          0.3987     2.2912    0.1333   0.2234          0.8605
lu_residential_gardens          24.9978       18.7863          0.4246     1.0778    0.1152   0.1870          1.1848
poi_log                          2.2918        3.4322         -0.7137     0.7685    0.1118   0.2966          1.2503
slope                            2.3798        2.1548          0.1858     1.9042    0.0308   0.0819          1.0148

Sample Sizes:
          Control Treated
All          9308   13957
Matched      9308    9308
Unmatched       0    4649
Discarded       0       0

