
Call:
matchit(formula = formula, data = all_var_scaled_binary_treatment, 
    method = "nearest", distance = "glm")

Summary of Balance for All Data:
                          Means Treated Means Control Std. Mean Diff. Var. Ratio eCDF Mean eCDF Max
distance                         0.5146        0.0539          1.3927     8.8542    0.4315   0.7173
year2008                         0.1199        0.0906          0.0902          .    0.0293   0.0293
year2009                         0.0486        0.0376          0.0511          .    0.0110   0.0110
year2010                         0.0009        0.0011         -0.0098          .    0.0003   0.0003
year2011                         0.0168        0.0100          0.0528          .    0.0068   0.0068
year2012                         0.1109        0.1029          0.0255          .    0.0080   0.0080
year2013                         0.0000        0.0000         -0.0073          .    0.0000   0.0000
year2014                         0.1122        0.0982          0.0443          .    0.0140   0.0140
year2015                         0.1083        0.1605         -0.1677          .    0.0521   0.0521
year2016                         0.0972        0.1109         -0.0464          .    0.0137   0.0137
year2017                         0.1178        0.1365         -0.0580          .    0.0187   0.0187
year2018                         0.0916        0.1053         -0.0476          .    0.0137   0.0137
year2019                         0.1139        0.0896          0.0766          .    0.0243   0.0243
year2020                         0.0619        0.0567          0.0217          .    0.0052   0.0052
ss_road                          0.1854        0.2001         -0.3140     0.7725    0.0801   0.1325
ss_sidewalk                      0.0436        0.0611         -0.5629     0.7862    0.1454   0.2086
ss_sky                           0.1065        0.1734         -1.0407     0.5048    0.2250   0.3375
ss_terrain                       0.0642        0.0270          0.6272     1.7088    0.2789   0.3728
od_person_count                  1.2575        5.9860         -1.8247     0.0882    0.0763   0.3577
od_bicycle_count                 0.0550        0.3988         -1.0380     0.0502    0.0118   0.1284
od_vehicle_count                 5.6075       12.9516         -0.9207     0.5556    0.1245   0.3300
X0_9                             0.1248        0.1209          0.1232     0.7256    0.0249   0.0865
X10_19                           0.1080        0.0997          0.2199     1.1138    0.0650   0.0997
X20_29                           0.1370        0.1815         -0.7696     0.5802    0.2100   0.3099
X30_39                           0.1639        0.1933         -0.5014     1.0978    0.1542   0.2508
X40_49                           0.1427        0.1407          0.0902     0.8443    0.0218   0.0475
X50_59                           0.1200        0.1099          0.3508     1.0702    0.1013   0.1559
X60_69                           0.0920        0.0748          0.5625     1.2685    0.1645   0.2378
X70_79                           0.0648        0.0480          0.5798     1.5214    0.1829   0.2945
X80_89                           0.0375        0.0253          0.5930     1.6010    0.1910   0.3058
IMD_score                       19.8024       25.5012         -0.4626     0.9866    0.1398   0.2515
housing_price_log               12.9815       13.0356         -0.1050     0.8813    0.0301   0.0641
pop_den_log                      7.0168        7.7942         -0.6424     1.5500    0.2080   0.3147
lu_defence                       0.0049        0.0042          0.0130     1.9008    0.0034   0.0098
lu_industry_commerce             1.3994        5.1617         -1.2641     0.1916    0.2688   0.3913
lu_minerals_landfill             0.0127        0.0180         -0.0447     0.4053    0.0045   0.0133
lu_residential                  10.4164       15.4926         -0.6944     0.9414    0.2027   0.3060
lu_transport_utilities          16.2009       23.5746         -0.7813     1.1812    0.2696   0.3795
lu_unknown_developed_use         6.1497        9.6385         -0.6167     0.6948    0.1817   0.2697
lu_agriculture                   8.7344        2.6499          0.3781     4.3391    0.2023   0.2988
lu_forest_open_land_water        8.2134        3.1554          0.4709     2.7201    0.2419   0.3480
lu_outdoor_recreation           16.2489        8.9167          0.3612     1.9705    0.1473   0.2224
lu_residential_gardens          22.9317       21.4135          0.1018     1.0371    0.0242   0.0832
poi_log                          1.8524        3.0664         -0.8275     0.7702    0.0815   0.3380
slope                            2.6150        2.1893          0.2957     1.8394    0.0738   0.1437


Summary of Balance for Matched Data:
                          Means Treated Means Control Std. Mean Diff. Var. Ratio eCDF Mean eCDF Max Std. Pair Dist.
distance                         0.5146        0.2954          0.6626     3.0556    0.0350   0.3770          0.6626
year2008                         0.1199        0.1242         -0.0132          .    0.0043   0.0043          0.6590
year2009                         0.0486        0.0499         -0.0060          .    0.0013   0.0013          0.4419
year2010                         0.0009        0.0013         -0.0147          .    0.0004   0.0004          0.0733
year2011                         0.0168        0.0133          0.0268          .    0.0034   0.0034          0.2277
year2012                         0.1109        0.1187         -0.0246          .    0.0077   0.0077          0.6517
year2013                         0.0000        0.0000          0.0000          .    0.0000   0.0000          0.0000
year2014                         0.1122        0.1135         -0.0041          .    0.0013   0.0013          0.6170
year2015                         0.1083        0.1178         -0.0304          .    0.0095   0.0095          0.6225
year2016                         0.0972        0.0937          0.0116          .    0.0034   0.0034          0.5951
year2017                         0.1178        0.1122          0.0173          .    0.0056   0.0056          0.6255
year2018                         0.0916        0.0924         -0.0030          .    0.0009   0.0009          0.5515
year2019                         0.1139        0.1040          0.0311          .    0.0099   0.0099          0.6184
year2020                         0.0619        0.0589          0.0125          .    0.0030   0.0030          0.4692
ss_road                          0.1854        0.1936         -0.1751     0.7058    0.0465   0.0997          1.2258
ss_sidewalk                      0.0436        0.0466         -0.0942     1.0323    0.0249   0.0632          1.0978
ss_sky                           0.1065        0.1295         -0.3578     1.0664    0.0889   0.2008          1.0818
ss_terrain                       0.0642        0.0535          0.1809     0.8442    0.1061   0.1586          1.0882
od_person_count                  1.2575        1.4746         -0.0838     0.9041    0.0038   0.0589          0.7497
od_bicycle_count                 0.0550        0.0684         -0.0402     0.6011    0.0005   0.0047          0.3570
od_vehicle_count                 5.6075        7.1156         -0.1891     0.7457    0.0258   0.0817          1.0263
X0_9                             0.1248        0.1265         -0.0526     0.9531    0.0225   0.0576          1.1371
X10_19                           0.1080        0.1069          0.0280     1.0426    0.0186   0.0490          1.0118
X20_29                           0.1370        0.1466         -0.1649     1.0196    0.0570   0.1311          0.9948
X30_39                           0.1639        0.1727         -0.1490     1.1964    0.0535   0.1230          1.0513
X40_49                           0.1427        0.1425          0.0076     1.0101    0.0073   0.0224          1.1011
X50_59                           0.1200        0.1172          0.0968     1.2304    0.0271   0.0559          1.0710
X60_69                           0.0920        0.0863          0.1887     1.1781    0.0468   0.1071          1.0580
X70_79                           0.0648        0.0594          0.1850     1.0548    0.0584   0.1225          1.0445
X80_89                           0.0375        0.0337          0.1858     1.0124    0.0569   0.1023          1.0421
IMD_score                       19.8024       21.5364         -0.1408     1.0516    0.0482   0.1118          1.0583
housing_price_log               12.9815       12.9598          0.0422     1.1052    0.0075   0.0258          1.0859
pop_den_log                      7.0168        7.3699         -0.2918     1.1253    0.0875   0.1651          1.0319
lu_defence                       0.0049        0.0037          0.0220     1.9927    0.0041   0.0090          0.1567
lu_industry_commerce             1.3994        1.6251         -0.0758     0.9200    0.0377   0.0976          0.7214
lu_minerals_landfill             0.0127        0.0119          0.0066     1.6605    0.0052   0.0129          0.2021
lu_residential                  10.4164       12.3353         -0.2625     1.1841    0.0861   0.1685          1.0389
lu_transport_utilities          16.2009       18.5291         -0.2467     1.2029    0.0859   0.1771          0.9814
lu_unknown_developed_use         6.1497        6.9938         -0.1492     0.8234    0.0445   0.1036          1.0105
lu_agriculture                   8.7344        4.9790          0.2334     1.8621    0.1253   0.1827          0.6746
lu_forest_open_land_water        8.2134        6.5058          0.1590     0.9586    0.1127   0.1948          0.8762
lu_outdoor_recreation           16.2489       14.0889          0.1064     1.1726    0.0495   0.0804          0.9307
lu_residential_gardens          22.9317       24.7753         -0.1236     0.9163    0.0415   0.0989          1.1405
poi_log                          1.8524        2.1611         -0.2104     0.9629    0.0094   0.1212          1.1237
slope                            2.6150        2.4582          0.1089     1.2424    0.0228   0.0774          0.9941

Sample Sizes:
          Control Treated
All         20939    2326
Matched      2326    2326
Unmatched   18613       0
Discarded       0       0

