
Call:
matchit(formula = formula, data = all_var_scaled_binary_treatment, 
    method = "nearest", distance = "glm")

Summary of Balance for All Data:
                          Means Treated Means Control Std. Mean Diff. Var. Ratio eCDF Mean eCDF Max
distance                         0.6134        0.2576          1.3232     1.6820    0.3435   0.5205
year2008                         0.1039        0.0867          0.0566          .    0.0173   0.0173
year2009                         0.0394        0.0382          0.0065          .    0.0013   0.0013
year2010                         0.0013        0.0010          0.0080          .    0.0003   0.0003
year2011                         0.0116        0.0100          0.0148          .    0.0016   0.0016
year2012                         0.1093        0.1000          0.0299          .    0.0093   0.0093
year2013                         0.0000        0.0001         -0.0109          .    0.0001   0.0001
year2014                         0.1080        0.0940          0.0450          .    0.0140   0.0140
year2015                         0.1387        0.1663         -0.0801          .    0.0277   0.0277
year2016                         0.1063        0.1117         -0.0174          .    0.0054   0.0054
year2017                         0.1276        0.1393         -0.0352          .    0.0117   0.0117
year2018                         0.0973        0.1084         -0.0375          .    0.0111   0.0111
year2019                         0.0973        0.0885          0.0295          .    0.0087   0.0087
year2020                         0.0593        0.0558          0.0149          .    0.0035   0.0035
ss_road                          0.1964        0.2000         -0.0726     0.8302    0.0224   0.0451
ss_sidewalk                      0.0544        0.0627         -0.2413     0.9368    0.0684   0.1098
ss_sky                           0.1468        0.1799         -0.4386     0.6073    0.0931   0.1365
ss_terrain                       0.0490        0.0185          0.5371     2.3818    0.2484   0.3404
od_person_count                  2.7276        7.3696         -0.9444     0.2573    0.0749   0.2686
od_bicycle_count                 0.1786        0.4882         -0.3439     0.2964    0.0106   0.1067
od_vehicle_count                 9.8512       13.7942         -0.3817     0.9432    0.0668   0.1900
X0_9                             0.1252        0.1188          0.1951     0.7276    0.0422   0.1020
X10_19                           0.1048        0.0976          0.1956     1.1223    0.0577   0.0933
X20_29                           0.1566        0.1906         -0.5250     0.6767    0.1451   0.2087
X30_39                           0.1789        0.1980         -0.3399     1.0100    0.0983   0.1453
X40_49                           0.1425        0.1399          0.1188     0.8156    0.0331   0.0575
X50_59                           0.1153        0.1079          0.2687     0.9497    0.0744   0.1096
X60_69                           0.0827        0.0724          0.3560     1.1689    0.1016   0.1492
X70_79                           0.0558        0.0456          0.3883     1.3801    0.1182   0.1771
X80_89                           0.0308        0.0237          0.3746     1.5383    0.1175   0.1892
IMD_score                       22.7346       26.3955         -0.2920     1.0430    0.0876   0.1477
housing_price_log               13.0080       13.0450         -0.0697     0.9207    0.0207   0.0456
pop_den_log                      7.5154        7.8505         -0.3080     1.2888    0.1017   0.1690
lu_defence                       0.0039        0.0046         -0.0145     1.3724    0.0043   0.0091
lu_industry_commerce             2.4796        6.3222         -0.8513     0.3812    0.2310   0.3260
lu_minerals_landfill             0.0099        0.0225         -0.1370     0.1735    0.0129   0.0300
lu_residential                  13.4820       15.9868         -0.3324     0.9869    0.1012   0.1528
lu_transport_utilities          19.9613       24.7540         -0.5335     1.1037    0.1730   0.2530
lu_unknown_developed_use         7.6429       10.3872         -0.4507     0.7645    0.1282   0.2032
lu_agriculture                   4.9307        2.1436          0.2366     3.2536    0.0994   0.1686
lu_forest_open_land_water        4.9048        2.8322          0.2452     1.9143    0.1109   0.1573
lu_outdoor_recreation           12.8663        7.5061          0.2978     1.9882    0.1030   0.1652
lu_residential_gardens          23.7488       20.1101          0.2461     1.0501    0.0670   0.1088
poi_log                          2.4653        3.2647         -0.5069     0.8707    0.0755   0.2115
slope                            2.3248        2.1699          0.1235     1.5704    0.0188   0.0482


Summary of Balance for Matched Data:
                          Means Treated Means Control Std. Mean Diff. Var. Ratio eCDF Mean eCDF Max Std. Pair Dist.
distance                         0.6134        0.3550          0.9610     2.0513    0.2172   0.4421          0.9610
year2008                         0.1039        0.0938          0.0331          .    0.0101   0.0101          0.5818
year2009                         0.0394        0.0370          0.0127          .    0.0025   0.0025          0.3804
year2010                         0.0013        0.0011          0.0060          .    0.0002   0.0002          0.0659
year2011                         0.0116        0.0099          0.0161          .    0.0017   0.0017          0.1967
year2012                         0.1093        0.1044          0.0158          .    0.0049   0.0049          0.6152
year2013                         0.0000        0.0000          0.0000          .    0.0000   0.0000          0.0000
year2014                         0.1080        0.0987          0.0301          .    0.0094   0.0094          0.6021
year2015                         0.1387        0.1578         -0.0554          .    0.0191   0.0191          0.7209
year2016                         0.1063        0.1117         -0.0174          .    0.0054   0.0054          0.6319
year2017                         0.1276        0.1356         -0.0242          .    0.0081   0.0081          0.6730
year2018                         0.0973        0.1018         -0.0152          .    0.0045   0.0045          0.6137
year2019                         0.0973        0.0902          0.0239          .    0.0071   0.0071          0.5796
year2020                         0.0593        0.0581          0.0050          .    0.0012   0.0012          0.4782
ss_road                          0.1964        0.1990         -0.0507     0.8593    0.0189   0.0378          1.1853
ss_sidewalk                      0.0544        0.0626         -0.2379     0.9332    0.0677   0.1123          1.1467
ss_sky                           0.1468        0.1679         -0.2790     0.8062    0.0671   0.1004          1.1837
ss_terrain                       0.0490        0.0229          0.4605     1.8416    0.2121   0.2899          0.8021
od_person_count                  2.7276        4.6615         -0.3934     0.6898    0.0318   0.1896          0.9458
od_bicycle_count                 0.1786        0.3041         -0.1393     0.6243    0.0044   0.0580          0.4846
od_vehicle_count                 9.8512       13.1768         -0.3220     0.9257    0.0564   0.1556          1.1132
X0_9                             0.1252        0.1227          0.0751     0.8983    0.0160   0.0417          1.1476
X10_19                           0.1048        0.0995          0.1428     1.2072    0.0429   0.0694          1.0495
X20_29                           0.1566        0.1774         -0.3214     0.9079    0.1040   0.1609          1.0885
X30_39                           0.1789        0.1931         -0.2526     1.0612    0.0757   0.1183          1.1032
X40_49                           0.1425        0.1414          0.0499     0.9019    0.0152   0.0302          1.1274
X50_59                           0.1153        0.1102          0.1870     1.0422    0.0519   0.0815          1.1022
X60_69                           0.0827        0.0753          0.2550     1.2158    0.0716   0.1106          1.0572
X70_79                           0.0558        0.0486          0.2743     1.3441    0.0805   0.1276          1.0067
X80_89                           0.0308        0.0257          0.2705     1.3901    0.0803   0.1378          0.9741
IMD_score                       22.7346       25.1968         -0.1964     1.0582    0.0607   0.1054          1.1055
housing_price_log               13.0080       13.0258         -0.0336     0.9585    0.0089   0.0177          1.1253
pop_den_log                      7.5154        7.8314         -0.2904     1.3344    0.0926   0.1585          0.9976
lu_defence                       0.0039        0.0044         -0.0107     1.6044    0.0055   0.0130          0.1820
lu_industry_commerce             2.4796        4.1552         -0.3712     0.7681    0.1570   0.2415          0.9310
lu_minerals_landfill             0.0099        0.0106         -0.0075     1.1942    0.0058   0.0160          0.2188
lu_residential                  13.4820       15.8083         -0.3087     1.0501    0.0957   0.1475          1.1217
lu_transport_utilities          19.9613       23.4795         -0.3916     1.0923    0.1272   0.1854          1.0635
lu_unknown_developed_use         7.6429        9.4419         -0.2954     0.7992    0.0860   0.1396          1.0976
lu_agriculture                   4.9307        2.5102          0.2055     2.6715    0.0769   0.1277          0.5334
lu_forest_open_land_water        4.9048        3.1260          0.2104     1.5571    0.0993   0.1469          0.6943
lu_outdoor_recreation           12.8663        8.7021          0.2314     1.6421    0.0799   0.1306          0.8210
lu_residential_gardens          23.7488       22.5754          0.0794     1.0409    0.0198   0.0455          1.1176
poi_log                          2.4653        3.0244         -0.3545     0.9581    0.0402   0.1698          1.1488
slope                            2.3248        2.1595          0.1317     1.4561    0.0256   0.0523          0.9791

Sample Sizes:
          Control Treated
All         13961    9304
Matched      9304    9304
Unmatched    4657       0
Discarded       0       0

