
Call:
matchit(formula = formula, data = all_var_scaled_binary_treatment, 
    method = "nearest", distance = "glm")

Summary of Balance for All Data:
                          Means Treated Means Control Std. Mean Diff. Var. Ratio eCDF Mean eCDF Max
distance                         0.5260        0.1185          1.3351     3.8939    0.3848   0.6181
year2008                         0.1152        0.0882          0.0847          .    0.0271   0.0271
year2009                         0.0456        0.0370          0.0413          .    0.0086   0.0086
year2010                         0.0011        0.0011         -0.0016          .    0.0001   0.0001
year2011                         0.0138        0.0099          0.0332          .    0.0039   0.0039
year2012                         0.1141        0.1011          0.0410          .    0.0130   0.0130
year2013                         0.0000        0.0001         -0.0082          .    0.0001   0.0001
year2014                         0.1105        0.0969          0.0433          .    0.0136   0.0136
year2015                         0.1266        0.1624         -0.1077          .    0.0358   0.0358
year2016                         0.0982        0.1123         -0.0474          .    0.0141   0.0141
year2017                         0.1180        0.1388         -0.0643          .    0.0208   0.0208
year2018                         0.0926        0.1068         -0.0486          .    0.0141   0.0141
year2019                         0.1038        0.0891          0.0484          .    0.0147   0.0147
year2020                         0.0604        0.0564          0.0168          .    0.0040   0.0040
ss_road                          0.1915        0.2004         -0.1849     0.8117    0.0486   0.0901
ss_sidewalk                      0.0494        0.0619         -0.3837     0.8482    0.1019   0.1548
ss_sky                           0.1275        0.1765         -0.6957     0.5833    0.1565   0.2329
ss_terrain                       0.0572        0.0241          0.5636     1.8792    0.2576   0.3425
od_person_count                  2.0299        6.3838         -1.0816     0.1998    0.0702   0.2851
od_bicycle_count                 0.1331        0.4222         -0.3803     0.2488    0.0099   0.1079
od_vehicle_count                 7.7038       13.3455         -0.6046     0.7591    0.0956   0.2502
X0_9                             0.1257        0.1203          0.1651     0.7713    0.0345   0.0879
X10_19                           0.1070        0.0989          0.2060     1.2610    0.0622   0.0941
X20_29                           0.1455        0.1849         -0.6517     0.6225    0.1782   0.2614
X30_39                           0.1716        0.1951         -0.4145     1.0172    0.1202   0.1773
X40_49                           0.1435        0.1403          0.1472     0.8386    0.0397   0.0633
X50_59                           0.1178        0.1092          0.3101     1.0031    0.0883   0.1308
X60_69                           0.0869        0.0740          0.4432     1.1501    0.1301   0.1990
X70_79                           0.0598        0.0472          0.4677     1.3630    0.1476   0.2391
X80_89                           0.0340        0.0247          0.4797     1.4766    0.1545   0.2477
IMD_score                       21.3159       25.8351         -0.3610     1.0285    0.1102   0.1877
housing_price_log               12.9901       13.0402         -0.0950     0.9224    0.0280   0.0603
pop_den_log                      7.2874        7.8237         -0.4704     1.3953    0.1545   0.2439
lu_defence                       0.0033        0.0046         -0.0299     1.0557    0.0045   0.0091
lu_industry_commerce             1.8692        5.5144         -0.9468     0.3066    0.2539   0.3602
lu_minerals_landfill             0.0109        0.0191         -0.0799     0.2741    0.0079   0.0179
lu_residential                  12.0432       15.7204         -0.4994     0.9481    0.1470   0.2089
lu_transport_utilities          17.9791       24.0516         -0.6755     1.0849    0.2191   0.2978
lu_unknown_developed_use         6.7551        9.9232         -0.5496     0.7090    0.1556   0.2513
lu_agriculture                   6.4602        2.4579          0.2879     3.7080    0.1332   0.2083
lu_forest_open_land_water        6.5248        2.9453          0.3587     2.6500    0.1704   0.2474
lu_outdoor_recreation           14.5113        8.4347          0.3166     1.9050    0.1225   0.1975
lu_residential_gardens          23.9883       20.9597          0.2016     1.0684    0.0550   0.0970
poi_log                          2.1510        3.1434         -0.6459     0.8459    0.0766   0.2732
slope                            2.5017        2.1644          0.2401     1.9134    0.0533   0.1112


Summary of Balance for Matched Data:
                          Means Treated Means Control Std. Mean Diff. Var. Ratio eCDF Mean eCDF Max Std. Pair Dist.
distance                         0.5260        0.3175          0.6831     2.5842    0.0771   0.3693          0.6831
year2008                         0.1152        0.1079          0.0229          .    0.0073   0.0073          0.6059
year2009                         0.0456        0.0454          0.0010          .    0.0002   0.0002          0.4133
year2010                         0.0011        0.0015         -0.0131          .    0.0004   0.0004          0.0787
year2011                         0.0138        0.0120          0.0148          .    0.0017   0.0017          0.2215
year2012                         0.1141        0.1083          0.0183          .    0.0058   0.0058          0.6185
year2013                         0.0000        0.0000          0.0000          .    0.0000   0.0000          0.0000
year2014                         0.1105        0.1098          0.0021          .    0.0006   0.0006          0.6356
year2015                         0.1266        0.1440         -0.0524          .    0.0174   0.0174          0.6962
year2016                         0.0982        0.0985         -0.0007          .    0.0002   0.0002          0.5958
year2017                         0.1180        0.1236         -0.0173          .    0.0056   0.0056          0.6636
year2018                         0.0926        0.0894          0.0111          .    0.0032   0.0032          0.5790
year2019                         0.1038        0.1004          0.0113          .    0.0034   0.0034          0.5863
year2020                         0.0604        0.0591          0.0054          .    0.0013   0.0013          0.4710
ss_road                          0.1915        0.1964         -0.1030     0.7917    0.0318   0.0705          1.1897
ss_sidewalk                      0.0494        0.0559         -0.1981     0.8927    0.0521   0.0815          1.1305
ss_sky                           0.1275        0.1461         -0.2637     0.9894    0.0687   0.1260          1.1094
ss_terrain                       0.0572        0.0408          0.2790     1.0511    0.1398   0.1997          0.9607
od_person_count                  2.0299        2.7066         -0.1681     0.8362    0.0112   0.1030          0.7700
od_bicycle_count                 0.1331        0.1767         -0.0574     0.9063    0.0017   0.0249          0.3774
od_vehicle_count                 7.7038        9.6696         -0.2107     0.8466    0.0334   0.0873          1.0590
X0_9                             0.1257        0.1263         -0.0188     1.0092    0.0108   0.0290          1.1168
X10_19                           0.1070        0.1039          0.0768     1.4072    0.0216   0.0514          0.9834
X20_29                           0.1455        0.1586         -0.2166     1.0476    0.0778   0.1380          1.0027
X30_39                           0.1716        0.1826         -0.1937     1.0422    0.0579   0.1073          1.0880
X40_49                           0.1435        0.1434          0.0051     0.9682    0.0035   0.0129          1.1466
X50_59                           0.1178        0.1141          0.1348     1.1120    0.0397   0.0722          1.0748
X60_69                           0.0869        0.0807          0.2132     1.0836    0.0632   0.1071          1.0621
X70_79                           0.0598        0.0538          0.2233     1.1025    0.0716   0.1387          1.0377
X80_89                           0.0340        0.0297          0.2225     1.0736    0.0702   0.1225          1.0306
IMD_score                       21.3159       23.2344         -0.1532     1.0284    0.0501   0.0963          1.0811
housing_price_log               12.9901       12.9953         -0.0098     1.1077    0.0106   0.0236          1.0759
pop_den_log                      7.2874        7.6051         -0.2786     1.1839    0.0878   0.1475          0.9887
lu_defence                       0.0033        0.0031          0.0053     2.1295    0.0041   0.0112          0.1502
lu_industry_commerce             1.8692        2.6053         -0.1912     0.8439    0.0986   0.1627          0.7849
lu_minerals_landfill             0.0109        0.0096          0.0121     1.6672    0.0042   0.0116          0.1963
lu_residential                  12.0432       13.9221         -0.2552     1.1276    0.0810   0.1359          1.0419
lu_transport_utilities          17.9791       20.6738         -0.2997     1.1191    0.0977   0.1612          0.9968
lu_unknown_developed_use         6.7551        8.1504         -0.2421     0.7528    0.0641   0.1109          1.0710
lu_agriculture                   6.4602        3.7609          0.1941     2.2369    0.0776   0.1247          0.5952
lu_forest_open_land_water        6.5248        4.3401          0.2190     1.4545    0.1077   0.1840          0.7356
lu_outdoor_recreation           14.5113       11.9159          0.1352     1.2245    0.0611   0.0948          0.8899
lu_residential_gardens          23.9883       24.1975         -0.0139     0.9786    0.0107   0.0355          1.1196
poi_log                          2.1510        2.5671         -0.2708     0.9781    0.0184   0.1496          1.0971
slope                            2.5017        2.2946          0.1474     1.4942    0.0292   0.0808          0.9625

Sample Sizes:
          Control Treated
All         18613    4652
Matched      4652    4652
Unmatched   13961       0
Discarded       0       0

