
Call:
matchit(formula = formula, data = all_var_scaled_binary_treatment, 
    method = "nearest", distance = "glm")

Summary of Balance for All Data:
                          Means Treated Means Control Std. Mean Diff. Var. Ratio eCDF Mean eCDF Max
distance                         0.6730        0.3269          1.4031     1.1727    0.3404   0.5200
year2008                         0.1009        0.0863          0.0484          .    0.0146   0.0146
year2009                         0.0384        0.0389         -0.0026          .    0.0005   0.0005
year2010                         0.0013        0.0009          0.0096          .    0.0003   0.0003
year2011                         0.0109        0.0104          0.0050          .    0.0005   0.0005
year2012                         0.1096        0.0978          0.0378          .    0.0118   0.0118
year2013                         0.0001        0.0000          0.0093          .    0.0001   0.0001
year2014                         0.1053        0.0939          0.0371          .    0.0114   0.0114
year2015                         0.1424        0.1681         -0.0736          .    0.0257   0.0257
year2016                         0.1082        0.1109         -0.0087          .    0.0027   0.0027
year2017                         0.1302        0.1391         -0.0264          .    0.0089   0.0089
year2018                         0.0980        0.1098         -0.0397          .    0.0118   0.0118
year2019                         0.0961        0.0879          0.0278          .    0.0082   0.0082
year2020                         0.0586        0.0559          0.0115          .    0.0027   0.0027
ss_road                          0.1979        0.1993         -0.0265     0.8509    0.0136   0.0248
ss_sidewalk                      0.0560        0.0628         -0.1939     0.9649    0.0560   0.0910
ss_sky                           0.1525        0.1809         -0.3634     0.6170    0.0744   0.1198
ss_terrain                       0.0451        0.0163          0.5239     2.4748    0.2440   0.3441
od_person_count                  3.0279        7.9974         -0.9343     0.2782    0.0801   0.2776
od_bicycle_count                 0.2086        0.5202         -0.3057     0.3597    0.0107   0.1105
od_vehicle_count                10.4384       13.9955         -0.3385     0.9872    0.0603   0.1828
X0_9                             0.1250        0.1177          0.2191     0.7118    0.0472   0.1208
X10_19                           0.1042        0.0967          0.2045     1.0790    0.0596   0.1025
X20_29                           0.1599        0.1942         -0.5169     0.6914    0.1435   0.2058
X30_39                           0.1805        0.2003         -0.3550     0.9871    0.1015   0.1525
X40_49                           0.1424        0.1395          0.1352     0.8230    0.0382   0.0669
X50_59                           0.1147        0.1070          0.2788     0.9496    0.0777   0.1140
X60_69                           0.0815        0.0716          0.3496     1.1602    0.0988   0.1399
X70_79                           0.0547        0.0447          0.3900     1.3532    0.1182   0.1742
X80_89                           0.0299        0.0232          0.3698     1.5191    0.1165   0.1816
IMD_score                       23.1611       26.7010         -0.2829     1.0420    0.0839   0.1375
housing_price_log               13.0111       13.0493         -0.0715     0.9176    0.0232   0.0524
pop_den_log                      7.5718        7.8611         -0.2720     1.2168    0.0916   0.1527
lu_defence                       0.0041        0.0045         -0.0076     1.4664    0.0029   0.0058
lu_industry_commerce             2.7419        6.8283         -0.8550     0.4054    0.2332   0.3293
lu_minerals_landfill             0.0106        0.0243         -0.1442     0.1572    0.0139   0.0332
lu_residential                  13.8317       16.1380         -0.3086     0.9464    0.0914   0.1448
lu_transport_utilities          20.5257       25.1480         -0.5146     1.1210    0.1662   0.2473
lu_unknown_developed_use         7.8915       10.6872         -0.4572     0.7449    0.1251   0.1951
lu_agriculture                   4.5688        1.9482          0.2335     3.4562    0.0966   0.1692
lu_forest_open_land_water        4.6222        2.7003          0.2343     1.9273    0.1051   0.1477
lu_outdoor_recreation           12.0556        7.2449          0.2769     1.9442    0.0942   0.1584
lu_residential_gardens          23.6296       19.5018          0.2809     1.0446    0.0761   0.1234
poi_log                          2.5517        3.3381         -0.4954     0.8703    0.0796   0.2056
slope                            2.3026        2.1611          0.1161     1.5177    0.0178   0.0517


Summary of Balance for Matched Data:
                          Means Treated Means Control Std. Mean Diff. Var. Ratio eCDF Mean eCDF Max Std. Pair Dist.
distance                         0.6730        0.3270          1.4026     1.1733    0.3403   0.5199          1.4026
year2008                         0.1009        0.0863          0.0483          .    0.0145   0.0145          0.5611
year2009                         0.0384        0.0390         -0.0027          .    0.0005   0.0005          0.3882
year2010                         0.0013        0.0009          0.0096          .    0.0003   0.0003          0.0575
year2011                         0.0109        0.0104          0.0050          .    0.0005   0.0005          0.2019
year2012                         0.1096        0.0979          0.0377          .    0.0118   0.0118          0.5958
year2013                         0.0001        0.0000          0.0093          .    0.0001   0.0001          0.0093
year2014                         0.1053        0.0937          0.0378          .    0.0116   0.0116          0.5795
year2015                         0.1424        0.1681         -0.0736          .    0.0257   0.0257          0.7478
year2016                         0.1082        0.1109         -0.0089          .    0.0028   0.0028          0.6196
year2017                         0.1302        0.1391         -0.0266          .    0.0089   0.0089          0.6940
year2018                         0.0980        0.1098         -0.0396          .    0.0118   0.0118          0.6220
year2019                         0.0961        0.0880          0.0277          .    0.0082   0.0082          0.5639
year2020                         0.0586        0.0559          0.0114          .    0.0027   0.0027          0.4691
ss_road                          0.1979        0.1993         -0.0264     0.8508    0.0137   0.0248          1.1821
ss_sidewalk                      0.0560        0.0628         -0.1942     0.9646    0.0561   0.0911          1.1400
ss_sky                           0.1525        0.1808         -0.3622     0.6180    0.0742   0.1195          1.2859
ss_terrain                       0.0451        0.0163          0.5239     2.4737    0.2441   0.3444          0.7616
od_person_count                  3.0279        7.9998         -0.9348     0.2781    0.0802   0.2776          1.3498
od_bicycle_count                 0.2086        0.5204         -0.3059     0.3596    0.0107   0.1106          0.6455
od_vehicle_count                10.4384       13.9929         -0.3383     0.9870    0.0602   0.1827          1.1164
X0_9                             0.1250        0.1177          0.2196     0.7118    0.0474   0.1209          1.2297
X10_19                           0.1042        0.0967          0.2046     1.0786    0.0596   0.1027          1.0848
X20_29                           0.1599        0.1942         -0.5170     0.6911    0.1435   0.2057          1.1844
X30_39                           0.1805        0.2003         -0.3548     0.9867    0.1014   0.1523          1.1169
X40_49                           0.1424        0.1395          0.1351     0.8227    0.0381   0.0667          1.1622
X50_59                           0.1147        0.1070          0.2789     0.9493    0.0777   0.1139          1.1283
X60_69                           0.0815        0.0716          0.3493     1.1602    0.0987   0.1397          1.0696
X70_79                           0.0547        0.0447          0.3898     1.3528    0.1182   0.1740          1.0009
X80_89                           0.0299        0.0232          0.3695     1.5192    0.1163   0.1815          0.9410
IMD_score                       23.1611       26.6974         -0.2826     1.0419    0.0838   0.1374          1.1030
housing_price_log               13.0111       13.0495         -0.0720     0.9177    0.0234   0.0525          1.1308
pop_den_log                      7.5718        7.8614         -0.2723     1.2167    0.0917   0.1530          1.0195
lu_defence                       0.0041        0.0045         -0.0076     1.4657    0.0029   0.0058          0.1896
lu_industry_commerce             2.7419        6.8232         -0.8540     0.4059    0.2331   0.3291          1.2358
lu_minerals_landfill             0.0106        0.0229         -0.1291     0.1754    0.0135   0.0328          0.3487
lu_residential                  13.8317       16.1427         -0.3093     0.9468    0.0916   0.1450          1.1471
lu_transport_utilities          20.5257       25.1481         -0.5146     1.1205    0.1662   0.2471          1.0672
lu_unknown_developed_use         7.8915       10.6860         -0.4570     0.7446    0.1250   0.1949          1.1646
lu_agriculture                   4.5688        1.9445          0.2338     3.4595    0.0968   0.1696          0.4924
lu_forest_open_land_water        4.6222        2.6993          0.2344     1.9266    0.1053   0.1480          0.6536
lu_outdoor_recreation           12.0556        7.2454          0.2769     1.9434    0.0942   0.1584          0.7799
lu_residential_gardens          23.6296       19.5069          0.2806     1.0445    0.0760   0.1231          1.1134
poi_log                          2.5517        3.3386         -0.4957     0.8701    0.0797   0.2058          1.1989
slope                            2.3026        2.1614          0.1159     1.5174    0.0177   0.0517          0.9750

Sample Sizes:
          Control Treated
All         11635   11630
Matched     11630   11630
Unmatched       5       0
Discarded       0       0

