
Call:
matchit(formula = formula, data = data, method = "nearest", distance = "glm")

Summary of Balance for All Data:
                         Means Treated Means Control Std. Mean Diff. Var. Ratio eCDF Mean eCDF Max
distance                        0.7590        0.1251          2.5224     1.5209    0.4532   0.7864
year2009                        0.1704        0.3121         -0.3771          .    0.1418   0.1418
year2010                        0.0000        0.0195         -0.1736          .    0.0195   0.0195
year2011                        0.0119        0.0115          0.0040          .    0.0004   0.0004
year2012                        0.0341        0.0363         -0.0120          .    0.0022   0.0022
year2014                        0.0273        0.0221          0.0316          .    0.0052   0.0052
year2015                        0.0886        0.0707          0.0628          .    0.0179   0.0179
year2016                        0.0886        0.1247         -0.1270          .    0.0361   0.0361
year2017                        0.0716        0.0345          0.1438          .    0.0371   0.0371
year2018                        0.0988        0.0645          0.1148          .    0.0343   0.0343
year2019                        0.1278        0.0769          0.1523          .    0.0508   0.0508
year2020                        0.0562        0.0239          0.1404          .    0.0323   0.0323
year2021                        0.1874        0.1574          0.0769          .    0.0300   0.0300
year2022                        0.0375        0.0460         -0.0447          .    0.0085   0.0085
age_0_19                       18.8195       18.7821          0.0064     0.7563    0.0312   0.0773
age_20_39                      31.9137       33.3798         -0.1290     1.0181    0.0489   0.1094
age_40_59                      25.4651       26.0535         -0.1236     0.9776    0.0279   0.0826
lu_residential_community       91.8346       77.3343          0.7616     0.3134    0.1880   0.2930
slope                          14.8901       11.6493          0.2575     2.1882    0.0713   0.1074
ss_visual_complexity           34.2668       32.0734          1.2406     0.3798    0.2435   0.3688
ss_construction                 6.6663       10.5282         -1.0026     0.2612    0.1621   0.2810
ss_road_flat                   36.8623       36.9934         -0.0311     0.6513    0.0553   0.1529
ss_marking                      0.9494        0.7800          0.1928     1.3600    0.0565   0.0863
ss_nature                       2.2113        2.2498         -0.0141     1.0685    0.0310   0.0784
ss_street_object                0.4476        0.6176         -0.8625     0.6377    0.2180   0.3349
od_person_count                 0.2979        0.3354         -0.1420     0.5326    0.0421   0.0996
od_bicycle_count                0.0536        0.0400          0.1231     1.3810    0.0480   0.1085
od_vehicle_count                5.7618        5.5207          0.1317     1.0678    0.0357   0.0733
od_animal_count                 0.0015        0.0010          0.0717     1.5313    0.0084   0.0210
pop_den_log                     8.7036        8.3567          0.3547     0.5980    0.0767   0.1757
average_income_log             10.3152       10.2543          0.1849     1.1622    0.0743   0.1573
poi_log                         2.4016        2.0178          0.2500     0.8129    0.0325   0.1265

Summary of Balance for Matched Data:
                         Means Treated Means Control Std. Mean Diff. Var. Ratio eCDF Mean eCDF Max Std. Pair Dist.
distance                        0.7590        0.2373          2.0758     1.1736    0.2823   0.7036          2.0758
year2009                        0.1704        0.2010         -0.0816          .    0.0307   0.0307          0.8428
year2010                        0.0000        0.0000          0.0000          .    0.0000   0.0000          0.0000
year2011                        0.0119        0.0102          0.0157          .    0.0017   0.0017          0.2040
year2012                        0.0341        0.0443         -0.0563          .    0.0102   0.0102          0.4320
year2014                        0.0273        0.0290         -0.0105          .    0.0017   0.0017          0.3453
year2015                        0.0886        0.0852          0.0120          .    0.0034   0.0034          0.5516
year2016                        0.0886        0.1193         -0.1079          .    0.0307   0.0307          0.6595
year2017                        0.0716        0.0545          0.0661          .    0.0170   0.0170          0.4759
year2018                        0.0988        0.0818          0.0571          .    0.0170   0.0170          0.5481
year2019                        0.1278        0.1039          0.0714          .    0.0239   0.0239          0.6124
year2020                        0.0562        0.0392          0.0740          .    0.0170   0.0170          0.4142
year2021                        0.1874        0.1874          0.0000          .    0.0000   0.0000          0.2998
year2022                        0.0375        0.0443         -0.0359          .    0.0068   0.0068          0.4126
age_0_19                       18.8195       18.8439         -0.0042     0.8399    0.0248   0.0613          1.1808
age_20_39                      31.9137       32.4670         -0.0487     1.1688    0.0399   0.0852          1.0196
age_40_59                      25.4651       25.7103         -0.0515     1.0101    0.0227   0.0613          1.0776
lu_residential_community       91.8346       88.7432          0.1624     0.8237    0.0833   0.1823          0.7317
slope                          14.8901       11.8508          0.2415     1.8897    0.0698   0.1175          0.8275
ss_visual_complexity           34.2668       33.1153          0.6513     0.7530    0.1464   0.2504          1.2535
ss_construction                 6.6663        8.4031         -0.4509     0.8199    0.1143   0.2453          1.1939
ss_road_flat                   36.8623       37.5968         -0.1740     1.1317    0.0588   0.1295          0.9387
ss_marking                      0.9494        0.9270          0.0255     1.2222    0.0246   0.0460          0.9785
ss_nature                       2.2113        1.9452          0.0973     1.5084    0.0434   0.1039          0.7513
ss_street_object                0.4476        0.5643         -0.5916     0.8760    0.1611   0.2538          1.1480
od_person_count                 0.2979        0.3230         -0.0950     0.7627    0.0255   0.0545          1.1376
od_bicycle_count                0.0536        0.0509          0.0252     0.9905    0.0209   0.0528          0.7817
od_vehicle_count                5.7618        5.6900          0.0392     1.2288    0.0269   0.0562          1.0659
od_animal_count                 0.0015        0.0014          0.0218     1.0802    0.0030   0.0102          0.3881
pop_den_log                     8.7036        8.6987          0.0050     0.9989    0.0205   0.0647          1.0484
average_income_log             10.3152       10.2644          0.1542     1.3436    0.0603   0.1346          1.0549
poi_log                         2.4016        2.2643          0.0894     0.8507    0.0163   0.0681          1.2446

Sample Sizes:
          Control Treated
All          1131     587
Matched       587     587
Unmatched     544       0
Discarded       0       0

