
Call:
matchit(formula = formula, data = data, method = "nearest", distance = "glm")

Summary of Balance for All Data:
                         Means Treated Means Control Std. Mean Diff. Var. Ratio eCDF Mean eCDF Max
distance                        0.3247        0.1742          0.8257     1.8543    0.2593   0.3816
year2010                        0.0004        0.0011         -0.0365          .    0.0007   0.0007
year2011                        0.0165        0.0344         -0.1403          .    0.0179   0.0179
year2012                        0.1381        0.1360          0.0063          .    0.0022   0.0022
year2013                        0.0000        0.0015         -0.0438          .    0.0015   0.0015
year2014                        0.0984        0.1453         -0.1575          .    0.0469   0.0469
year2015                        0.1023        0.1490         -0.1539          .    0.0466   0.0466
year2016                        0.0874        0.1406         -0.1887          .    0.0533   0.0533
year2017                        0.0882        0.1396         -0.1815          .    0.0515   0.0515
year2018                        0.2259        0.1116          0.2733          .    0.1143   0.1143
year2019                        0.2428        0.1408          0.2378          .    0.1020   0.1020
age_0_19                       20.5801       21.9137         -0.2348     0.9225    0.0710   0.1303
age_20_39                      42.3859       36.9629          0.4988     0.8856    0.1469   0.2397
age_40_59                      23.9311       25.2561         -0.3081     0.9840    0.0926   0.1407
IMD_score                      24.3293       22.5689          0.1637     0.9330    0.0492   0.0919
lu_residential_community        5.3815        5.6759         -0.0482     0.5672    0.0331   0.0639
lu_commerce_developed          32.3521       28.0662          0.3314     0.8816    0.1134   0.1722
ss_visual_complexity           38.6430       38.2747          0.1443     0.3181    0.0371   0.0563
slope                          14.8931       15.8190         -0.1693     0.7804    0.0482   0.0996
ss_construction                14.3318       12.7676          0.1901     0.4531    0.1135   0.1889
ss_road_flat                   29.2182       28.2351          0.2113     0.5657    0.0459   0.0926
ss_marking                      2.2017        1.6016          0.5824     0.9056    0.1858   0.2716
ss_nature                       0.6716        1.0902         -0.3244     0.3909    0.0709   0.1180
ss_street_object                0.5506        0.4349          0.4081     0.8318    0.1492   0.2282
od_person_count                 0.6969        0.5879          0.1927     0.8279    0.0648   0.1590
od_bicycle_count                0.0716        0.0389          0.2867     1.6168    0.1052   0.2547
od_vehicle_count                4.8384        5.1752         -0.2307     0.4786    0.0660   0.1278
od_animal_count                 0.0018        0.0014          0.0495     0.6487    0.0130   0.0258
pop_den_log                     9.1317        8.7475          0.5392     0.5558    0.1262   0.1847
housing_price_log              13.1503       13.1073          0.0885     0.8299    0.0415   0.0861
poi_log                         4.0026        3.2906          0.6009     0.6732    0.0570   0.2412

Summary of Balance for Matched Data:
                         Means Treated Means Control Std. Mean Diff. Var. Ratio eCDF Mean eCDF Max Std. Pair Dist.
distance                        0.3247        0.3077          0.0930     1.2900    0.0070   0.0697          0.0934
year2010                        0.0004        0.0004          0.0000          .    0.0000   0.0000          0.0008
year2011                        0.0165        0.0201         -0.0278          .    0.0035   0.0035          0.2871
year2012                        0.1381        0.1480         -0.0285          .    0.0098   0.0098          0.6900
year2013                        0.0000        0.0000          0.0000          .    0.0000   0.0000          0.0000
year2014                        0.0984        0.1047         -0.0211          .    0.0063   0.0063          0.6131
year2015                        0.1023        0.1090         -0.0221          .    0.0067   0.0067          0.5856
year2016                        0.0874        0.0952         -0.0279          .    0.0079   0.0079          0.5408
year2017                        0.0882        0.0854          0.0097          .    0.0028   0.0028          0.5289
year2018                        0.2259        0.2046          0.0508          .    0.0213   0.0213          0.7040
year2019                        0.2428        0.2326          0.0239          .    0.0102   0.0102          0.7728
age_0_19                       20.5801       20.7656         -0.0326     0.8913    0.0147   0.0275          1.1130
age_20_39                      42.3859       42.0294          0.0328     0.8593    0.0254   0.0582          1.0560
age_40_59                      23.9311       23.9944         -0.0147     0.8877    0.0187   0.0409          1.0909
IMD_score                      24.3293       24.4051         -0.0070     1.0010    0.0053   0.0177          1.1141
lu_residential_community        5.3815        5.4678         -0.0141     0.7880    0.0129   0.0370          0.9682
lu_commerce_developed          32.3521       32.0970          0.0197     1.0151    0.0076   0.0315          1.0521
ss_visual_complexity           38.6430       38.6915         -0.0190     0.6536    0.0281   0.0547          1.1391
slope                          14.8931       14.8122          0.0148     1.0932    0.0148   0.0386          1.0581
ss_construction                14.3318       14.2772          0.0066     0.7873    0.0190   0.0441          1.0422
ss_road_flat                   29.2182       29.0588          0.0343     0.7894    0.0156   0.0382          1.0859
ss_marking                      2.2017        2.1506          0.0496     0.5874    0.0489   0.0866          1.0279
ss_nature                       0.6716        0.7002         -0.0222     0.9327    0.0156   0.0504          0.7177
ss_street_object                0.5506        0.5330          0.0620     0.4487    0.0428   0.0787          0.9746
od_person_count                 0.6969        0.6909          0.0107     0.7847    0.0176   0.0610          1.0221
od_bicycle_count                0.0716        0.0643          0.0643     0.7803    0.0339   0.1047          0.7716
od_vehicle_count                4.8384        4.8322          0.0043     0.6925    0.0236   0.0437          1.1693
od_animal_count                 0.0018        0.0020         -0.0245     0.4354    0.0049   0.0094          0.4522
pop_den_log                     9.1317        9.1198          0.0167     0.9119    0.0110   0.0236          0.9996
housing_price_log              13.1503       13.1410          0.0191     0.9222    0.0137   0.0350          1.1008
poi_log                         4.0026        3.9709          0.0267     0.9894    0.0088   0.0268          0.9561

Sample Sizes:
          Control Treated
All          9848    2541
Matched      2541    2541
Unmatched    7307       0
Discarded       0       0

