
Call:
matchit(formula = formula, data = all_var_scaled_binary_treatment, 
    method = "nearest", distance = "glm")

Summary of Balance for All Data:
             Means Treated Means Control Std. Mean Diff. Var. Ratio eCDF Mean eCDF Max
distance            0.5215        0.4985          0.3269     0.7775    0.0800   0.1293
year2008            0.0955        0.1156         -0.0687          .    0.0202   0.0202
year2009            0.0415        0.0460         -0.0226          .    0.0045   0.0045
year2010            0.0016        0.0015          0.0032          .    0.0001   0.0001
year2011            0.0122        0.0131         -0.0082          .    0.0009   0.0009
year2012            0.1020        0.1122         -0.0337          .    0.0102   0.0102
year2013            0.0000        0.0001         -0.0142          .    0.0001   0.0001
year2014            0.1005        0.1041         -0.0120          .    0.0036   0.0036
year2015            0.1295        0.1183          0.0335          .    0.0113   0.0113
year2016            0.1020        0.0956          0.0211          .    0.0064   0.0064
year2017            0.1146        0.1109          0.0116          .    0.0037   0.0037
year2018            0.1203        0.1046          0.0482          .    0.0157   0.0157
year2019            0.1064        0.1106         -0.0135          .    0.0042   0.0042
year2020            0.0740        0.0675          0.0247          .    0.0065   0.0065
X0_9                0.1254        0.1202          0.1462     0.9083    0.0390   0.0659
X10_19              0.1023        0.1012          0.0321     0.9308    0.0099   0.0386
X20_29              0.1817        0.1757          0.0801     0.9097    0.0373   0.0692
X30_39              0.1941        0.1865          0.1378     0.8702    0.0411   0.0773
X40_49              0.1392        0.1404         -0.0497     0.9634    0.0147   0.0284
X50_59              0.1073        0.1115         -0.1518     0.9068    0.0412   0.0635
X60_69              0.0728        0.0783         -0.2049     0.8318    0.0542   0.0840
X70_79              0.0469        0.0517         -0.2075     0.7700    0.0519   0.0870
X80_89              0.0247        0.0282         -0.2189     0.7489    0.0528   0.1006
X90                 0.0056        0.0065         -0.1537     0.7631    0.0487   0.0779
all_ages_log        7.3949        7.3790          0.0311     1.1426    0.0175   0.0606
IMD_score          26.7759       24.3401          0.1892     1.0439    0.0541   0.0892
poi_log             2.9380        2.7388          0.1299     0.7141    0.0258   0.0999
slope               2.1568        2.2787         -0.1134     0.8934    0.0302   0.0578


Summary of Balance for Matched Data:
             Means Treated Means Control Std. Mean Diff. Var. Ratio eCDF Mean eCDF Max Std. Pair Dist.
distance            0.5282        0.4985          0.4229     0.6265    0.1010   0.1600          0.4229
year2008            0.0898        0.1156         -0.0880          .    0.0258   0.0258          0.5929
year2009            0.0408        0.0460         -0.0257          .    0.0051   0.0051          0.4206
year2010            0.0017        0.0015          0.0049          .    0.0002   0.0002          0.0787
year2011            0.0118        0.0131         -0.0117          .    0.0013   0.0013          0.2236
year2012            0.0986        0.1122         -0.0450          .    0.0136   0.0136          0.6194
year2013            0.0000        0.0001         -0.0142          .    0.0001   0.0001          0.0142
year2014            0.0987        0.1041         -0.0180          .    0.0054   0.0054          0.5996
year2015            0.1323        0.1183          0.0417          .    0.0140   0.0140          0.6422
year2016            0.1047        0.0956          0.0300          .    0.0091   0.0091          0.5835
year2017            0.1166        0.1109          0.0180          .    0.0057   0.0057          0.6189
year2018            0.1231        0.1046          0.0570          .    0.0185   0.0185          0.6084
year2019            0.1069        0.1106         -0.0118          .    0.0037   0.0037          0.6261
year2020            0.0750        0.0675          0.0287          .    0.0075   0.0075          0.5006
X0_9                0.1267        0.1202          0.1804     0.9039    0.0498   0.0815          0.9986
X10_19              0.1022        0.1012          0.0279     0.9375    0.0094   0.0359          1.0871
X20_29              0.1841        0.1757          0.1128     0.9071    0.0493   0.0878          1.0439
X30_39              0.1972        0.1865          0.1932     0.8208    0.0572   0.1019          1.0404
X40_49              0.1392        0.1404         -0.0508     0.9691    0.0150   0.0299          1.0907
X50_59              0.1059        0.1115         -0.1991     0.8653    0.0544   0.0839          1.0205
X60_69              0.0710        0.0783         -0.2722     0.7423    0.0706   0.1090          0.9241
X70_79              0.0453        0.0517         -0.2771     0.6406    0.0671   0.1113          0.9087
X80_89              0.0233        0.0282         -0.3087     0.5415    0.0702   0.1283          0.8642
X90                 0.0052        0.0065         -0.2248     0.5036    0.0622   0.0964          0.7953
all_ages_log        7.4003        7.3790          0.0419     1.1443    0.0223   0.0760          0.8072
IMD_score          27.3713       24.3401          0.2355     1.0201    0.0682   0.1075          0.8834
poi_log             3.0065        2.7388          0.1746     0.6870    0.0255   0.1194          1.1483
slope               2.1271        2.2787         -0.1411     0.8440    0.0364   0.0674          1.0293

Sample Sizes:
          Control Treated
All         10136   10560
Matched     10136   10136
Unmatched       0     424
Discarded       0       0

