
Call:
matchit(formula = formula, data = data, method = "nearest", distance = "glm")

Summary of Balance for All Data:
                         Means Treated Means Control Std. Mean Diff. Var. Ratio eCDF Mean eCDF Max
distance                        0.1654        0.0149          0.8673    15.8042    0.4242   0.7252
year2010                        0.0000        0.0010         -0.0317          .    0.0010   0.0010
year2011                        0.0138        0.0311         -0.1476          .    0.0172   0.0172
year2012                        0.0415        0.1381         -0.4846          .    0.0966   0.0966
year2013                        0.0000        0.0012         -0.0354          .    0.0012   0.0012
year2014                        0.0138        0.1379         -1.0623          .    0.1240   0.1240
year2015                        0.0645        0.1407         -0.3102          .    0.0762   0.0762
year2016                        0.0230        0.1316         -0.7236          .    0.1086   0.1086
year2017                        0.0415        0.1306         -0.4471          .    0.0892   0.0892
year2018                        0.2949        0.1322          0.3569          .    0.1627   0.1627
year2019                        0.5069        0.1556          0.7027          .    0.3513   0.3513
age_0_19                       17.2041       21.7193         -0.9163     0.7030    0.2251   0.3751
age_20_39                      43.7857       37.9734          0.5006     1.0021    0.1498   0.2961
age_40_59                      24.7022       24.9894         -0.0563     1.3760    0.0307   0.0672
IMD_score                      22.4771       22.9380         -0.0498     0.6939    0.0336   0.0656
lu_residential_community        5.2693        5.6217         -0.0749     0.3645    0.0712   0.1868
lu_commerce_developed          42.0776       28.7111          0.9298     1.1190    0.2496   0.4242
ss_visual_complexity           37.0292       38.3738         -0.3261     0.9647    0.1466   0.2898
slope                          16.5556       15.6126          0.2151     0.5189    0.0921   0.1911
ss_construction                24.5937       12.8833          0.9104     1.2719    0.3161   0.5046
ss_road_flat                   26.2237       28.4761         -0.2836     1.8321    0.0695   0.1879
ss_marking                      1.9473        1.7207          0.2105     0.9592    0.0669   0.1242
ss_nature                       0.3765        1.0156         -0.8995     0.1326    0.1599   0.2465
ss_street_object                0.7026        0.4543          0.7026     1.3310    0.2514   0.4084
od_person_count                 1.3732        0.5966          0.8147     2.5592    0.2953   0.4352
od_bicycle_count                0.1974        0.0429          0.6470     7.1377    0.3979   0.5963
od_vehicle_count                4.0994        5.1241         -0.7052     0.5264    0.1654   0.3010
od_animal_count                 0.0036        0.0014          0.1791     1.5785    0.0415   0.0973
pop_den_log                     9.2274        8.8192          0.6255     0.4960    0.1474   0.2441
housing_price_log              13.5879       13.1077          0.9563     0.9301    0.2508   0.4146
poi_log                         5.0754        3.4074          1.8357     0.4126    0.2660   0.5163

Summary of Balance for Matched Data:
                         Means Treated Means Control Std. Mean Diff. Var. Ratio eCDF Mean eCDF Max Std. Pair Dist.
distance                        0.1654        0.1634          0.0116     1.0214    0.0001   0.0323          0.0202
year2010                        0.0000        0.0000          0.0000          .    0.0000   0.0000          0.0000
year2011                        0.0138        0.0092          0.0395          .    0.0046   0.0046          0.1973
year2012                        0.0415        0.0415          0.0000          .    0.0000   0.0000          0.0553
year2013                        0.0000        0.0000          0.0000          .    0.0000   0.0000          0.0000
year2014                        0.0138        0.0092          0.0395          .    0.0046   0.0046          0.1973
year2015                        0.0645        0.0645          0.0000          .    0.0000   0.0000          0.1106
year2016                        0.0230        0.0230          0.0000          .    0.0000   0.0000          0.0461
year2017                        0.0415        0.0369          0.0231          .    0.0046   0.0046          0.3467
year2018                        0.2949        0.3272         -0.0707          .    0.0323   0.0323          0.8994
year2019                        0.5069        0.4885          0.0369          .    0.0184   0.0184          0.7927
age_0_19                       17.2041       17.6893         -0.0985     0.8656    0.0378   0.1106          1.0731
age_20_39                      43.7857       45.0889         -0.1122     0.9397    0.0259   0.1106          1.1273
age_40_59                      24.7022       23.9507          0.1474     0.7414    0.0576   0.1244          1.1661
IMD_score                      22.4771       23.6176         -0.1232     0.9384    0.0291   0.0645          1.2327
lu_residential_community        5.2693        5.3498         -0.0171     0.8562    0.0262   0.0829          1.0390
lu_commerce_developed          42.0776       41.5285          0.0382     1.1022    0.0141   0.0599          0.9269
ss_visual_complexity           37.0292       37.3081         -0.0676     1.5043    0.0143   0.0507          0.7455
slope                          16.5556       16.4484          0.0244     0.8147    0.0308   0.0922          1.1178
ss_construction                24.5937       23.4272          0.0907     1.1386    0.0219   0.0737          0.8005
ss_road_flat                   26.2237       27.2882         -0.1340     1.1422    0.0406   0.0737          0.8366
ss_marking                      1.9473        2.1117         -0.1527     0.8625    0.0413   0.1014          1.1598
ss_nature                       0.3765        0.2971          0.1117     1.1026    0.0470   0.1152          0.6969
ss_street_object                0.7026        0.7086         -0.0168     0.7814    0.0293   0.0783          0.9584
od_person_count                 1.3732        1.2713          0.1070     0.7687    0.0618   0.1475          0.8650
od_bicycle_count                0.1974        0.1911          0.0264     0.8707    0.0909   0.1659          0.7029
od_vehicle_count                4.0994        4.0294          0.0481     0.9973    0.0166   0.0737          1.0216
od_animal_count                 0.0036        0.0036         -0.0041     0.8764    0.0093   0.0276          0.4813
pop_den_log                     9.2274        9.3374         -0.1685     0.9723    0.0436   0.0968          1.0342
housing_price_log              13.5879       13.5450          0.0854     0.9726    0.0185   0.0691          1.0061
poi_log                         5.0754        5.0735          0.0020     1.0635    0.0300   0.0876          0.7759

Sample Sizes:
          Control Treated
All         12172     217
Matched       217     217
Unmatched   11955       0
Discarded       0       0

