
Call:
matchit(formula = formula, data = data, method = "nearest", distance = "glm")

Summary of Balance for All Data:
                         Means Treated Means Control Std. Mean Diff. Var. Ratio eCDF Mean eCDF Max
distance                        0.5723        0.1918          1.3852     1.9261    0.3679   0.5740
year2009                        0.2838        0.2546          0.0648          .    0.0292   0.0292
year2010                        0.0000        0.0185         -0.1655          .    0.0185   0.0185
year2011                        0.0132        0.0110          0.0193          .    0.0022   0.0022
year2012                        0.0301        0.0379         -0.0461          .    0.0079   0.0079
year2014                        0.0169        0.0270         -0.0780          .    0.0101   0.0101
year2015                        0.0602        0.0843         -0.1016          .    0.0242   0.0242
year2016                        0.0977        0.1189         -0.0712          .    0.0211   0.0211
year2017                        0.0639        0.0396          0.0993          .    0.0243   0.0243
year2018                        0.1222        0.0556          0.2032          .    0.0665   0.0665
year2019                        0.1259        0.0801          0.1382          .    0.0458   0.0458
year2020                        0.0207        0.0413         -0.1450          .    0.0206   0.0206
year2021                        0.1391        0.1804         -0.1195          .    0.0413   0.0413
year2022                        0.0263        0.0506         -0.1516          .    0.0243   0.0243
age_0_19                       16.5995       19.7797         -0.4869     1.1293    0.1463   0.2503
age_20_39                      36.6268       31.1976          0.4655     1.1783    0.1407   0.2491
age_40_59                      24.9017       26.2790         -0.2637     1.3218    0.0734   0.1462
lu_residential_community       82.4909       82.1981          0.0092     1.1349    0.0279   0.0754
slope                          12.9052       12.6900          0.0234     0.7485    0.0402   0.0952
ss_visual_complexity           34.3625       32.1322          1.1185     0.5204    0.2569   0.4049
ss_construction                12.2224        7.8569          0.6331     1.2140    0.2301   0.4135
ss_road_flat                   34.5010       38.0465         -0.6945     1.3471    0.2551   0.3885
ss_marking                      0.8408        0.8365          0.0047     1.4660    0.0400   0.0737
ss_nature                       2.2365        2.2367         -0.0001     1.1841    0.0639   0.1329
ss_street_object                0.5944        0.5439          0.2076     0.9954    0.0635   0.1157
od_person_count                 0.5146        0.2365          0.6800     2.7338    0.2440   0.3994
od_bicycle_count                0.0880        0.0252          0.4151     7.2651    0.1690   0.2813
od_vehicle_count                5.8817        5.4781          0.2624     0.6646    0.0620   0.1336
od_animal_count                 0.0017        0.0010          0.0971     1.3861    0.0145   0.0334
pop_den_log                     8.8110        8.3246          0.5520     0.4802    0.1162   0.2040
average_income_log             10.2817       10.2721          0.0276     1.3686    0.0298   0.0722
poi_log                         2.7888        1.8619          0.5475     1.1802    0.1231   0.2453

Summary of Balance for Matched Data:
                         Means Treated Means Control Std. Mean Diff. Var. Ratio eCDF Mean eCDF Max Std. Pair Dist.
distance                        0.5723        0.3528          0.7993     2.0083    0.1434   0.3985          0.7993
year2009                        0.2838        0.2932         -0.0208          .    0.0094   0.0094          0.9881
year2010                        0.0000        0.0000          0.0000          .    0.0000   0.0000          0.0000
year2011                        0.0132        0.0094          0.0330          .    0.0038   0.0038          0.1979
year2012                        0.0301        0.0282          0.0110          .    0.0019   0.0019          0.3412
year2014                        0.0169        0.0282         -0.0875          .    0.0113   0.0113          0.3498
year2015                        0.0602        0.0752         -0.0632          .    0.0150   0.0150          0.5376
year2016                        0.0977        0.1184         -0.0696          .    0.0207   0.0207          0.6266
year2017                        0.0639        0.0545          0.0384          .    0.0094   0.0094          0.4842
year2018                        0.1222        0.0714          0.1550          .    0.0508   0.0508          0.5567
year2019                        0.1259        0.1071          0.0567          .    0.0188   0.0188          0.6232
year2020                        0.0207        0.0207          0.0000          .    0.0000   0.0000          0.0414
year2021                        0.1391        0.1579         -0.0543          .    0.0188   0.0188          0.7387
year2022                        0.0263        0.0357         -0.0587          .    0.0094   0.0094          0.3640
age_0_19                       16.5995       18.0249         -0.2183     1.0860    0.0651   0.1316          1.0897
age_20_39                      36.6268       34.0017          0.2251     0.9013    0.0725   0.1617          1.1207
age_40_59                      24.9017       25.2737         -0.0712     1.0932    0.0183   0.0489          1.0981
lu_residential_community       82.4909       85.1606         -0.0837     1.2423    0.0252   0.0733          0.7759
slope                          12.9052       12.8381          0.0073     0.8154    0.0225   0.0658          0.9776
ss_visual_complexity           34.3625       33.6255          0.3696     0.8243    0.0859   0.1917          0.9796
ss_construction                12.2224       10.0181          0.3197     1.0628    0.1063   0.2274          0.9449
ss_road_flat                   34.5010       36.5057         -0.3927     1.4032    0.1157   0.2481          0.8301
ss_marking                      0.8408        0.8215          0.0213     1.3796    0.0236   0.0526          0.9656
ss_nature                       2.2365        2.0842          0.0538     1.4134    0.0389   0.0940          0.8294
ss_street_object                0.5944        0.5618          0.1343     1.0722    0.0397   0.0902          0.9947
od_person_count                 0.5146        0.3505          0.4013     2.0333    0.1205   0.2068          0.8175
od_bicycle_count                0.0880        0.0417          0.3064     4.5624    0.1045   0.1429          0.6213
od_vehicle_count                5.8817        6.0976         -0.1405     0.8053    0.0389   0.0865          1.2008
od_animal_count                 0.0017        0.0012          0.0564     0.9877    0.0120   0.0263          0.3947
pop_den_log                     8.8110        8.7457          0.0741     0.8785    0.0324   0.0921          1.0808
average_income_log             10.2817       10.2625          0.0550     1.0941    0.0201   0.0677          1.0838
poi_log                         2.7888        2.4038          0.2274     1.0791    0.0651   0.1259          1.1465

Sample Sizes:
          Control Treated
All          1186     532
Matched       532     532
Unmatched     654       0
Discarded       0       0

