
Call:
matchit(formula = formula, data = data, method = "nearest", distance = "glm")

Summary of Balance for All Data:
                         Means Treated Means Control Std. Mean Diff. Var. Ratio eCDF Mean eCDF Max
distance                        0.5509        0.0034          1.3468   414.8933    0.5544   0.8462
year2009                        0.0000        0.2657         -0.6038          .    0.2657   0.2657
year2010                        0.0000        0.0129         -0.1148          .    0.0129   0.0129
year2011                        0.0000        0.0117         -0.1094          .    0.0117   0.0117
year2012                        0.0000        0.0358         -0.1934          .    0.0358   0.0358
year2014                        0.0769        0.0235          0.2006          .    0.0535   0.0535
year2015                        0.2308        0.0757          0.3681          .    0.1551   0.1551
year2016                        0.2308        0.1114          0.2832          .    0.1193   0.1193
year2017                        0.0000        0.0475         -0.2242          .    0.0475   0.0475
year2018                        0.3077        0.0745          0.5053          .    0.2332   0.2332
year2019                        0.0769        0.0944         -0.0657          .    0.0175   0.0175
year2020                        0.0000        0.0352         -0.1917          .    0.0352   0.0352
year2021                        0.0000        0.1689         -0.4525          .    0.1689   0.1689
year2022                        0.0769        0.0428          0.1280          .    0.0341   0.0341
age_0_19                       13.7216       18.8336         -0.6643     1.4399    0.2268   0.4675
age_20_39                      37.9648       32.8401          0.3294     1.9037    0.1284   0.3322
age_40_59                      26.0703       25.8508          0.0501     0.8318    0.0713   0.1763
lu_commerce_developped         28.3825       16.4550          0.2913     1.8695    0.2099   0.3875
lu_residential_community       71.2060       82.3732         -0.2744     1.7872    0.1925   0.3681
slope                          13.5326       12.7507          0.0943     0.6591    0.0704   0.2096
ss_visual_complexity           33.3740       32.8186          0.2254     0.8008    0.0777   0.2090
ss_construction                12.0955        9.1867          0.3615     1.4187    0.1158   0.3054
ss_road_flat                   26.3921       37.0291         -0.9489     5.5737    0.3234   0.6028
ss_marking                      0.7240        0.8387         -0.1265     1.2788    0.1076   0.3051
ss_nature                       5.5641        2.2112          0.4103    10.0295    0.0838   0.2474
ss_street_object                0.5542        0.5596         -0.0169     1.6753    0.0645   0.1713
od_person_count                 1.0191        0.3173          0.9242     5.5667    0.3444   0.6296
od_bicycle_count                0.1758        0.0437          0.5278     6.5406    0.2726   0.4799
od_vehicle_count                3.6495        5.6180         -1.3419     0.6721    0.3006   0.5733
od_animal_count                 0.0030        0.0012          0.2442     1.3568    0.0376   0.1932
pop_den_log                     8.3392        8.4763         -0.1033     1.2530    0.0971   0.2279
average_income_log             10.5653       10.2729          0.8813     1.1168    0.2332   0.5363
housing_price_log              18.2165       17.9735          0.4315     0.3032    0.1863   0.3419
poi_log                         3.3689        2.1396          0.6644     1.2536    0.2234   0.3801

Summary of Balance for Matched Data:
                         Means Treated Means Control Std. Mean Diff. Var. Ratio eCDF Mean eCDF Max Std. Pair Dist.
distance                        0.5509        0.1591          0.9638     9.6259    0.0043   0.6154          0.9638
year2009                        0.0000        0.0000          0.0000          .    0.0000   0.0000          0.0000
year2010                        0.0000        0.0000          0.0000          .    0.0000   0.0000          0.0000
year2011                        0.0000        0.0000          0.0000          .    0.0000   0.0000          0.0000
year2012                        0.0000        0.0000          0.0000          .    0.0000   0.0000          0.0000
year2014                        0.0769        0.0000          0.2887          .    0.0769   0.0769          0.2887
year2015                        0.2308        0.0769          0.3651          .    0.1538   0.1538          0.7303
year2016                        0.2308        0.3077         -0.1826          .    0.0769   0.0769          1.2780
year2017                        0.0000        0.0000          0.0000          .    0.0000   0.0000          0.0000
year2018                        0.3077        0.4615         -0.3333          .    0.1538   0.1538          1.3333
year2019                        0.0769        0.0000          0.2887          .    0.0769   0.0769          0.2887
year2020                        0.0000        0.0000          0.0000          .    0.0000   0.0000          0.0000
year2021                        0.0000        0.0000          0.0000          .    0.0000   0.0000          0.0000
year2022                        0.0769        0.1538         -0.2887          .    0.0769   0.0769          0.8660
age_0_19                       13.7216       14.3510         -0.0818     0.7722    0.0929   0.2308          1.2114
age_20_39                      37.9648       39.3644         -0.0900     0.7653    0.0948   0.1538          1.3834
age_40_59                      26.0703       26.1020         -0.0072     0.6896    0.0673   0.1538          1.4770
lu_commerce_developped         28.3825       43.5277         -0.3699     0.7064    0.2179   0.3846          1.5475
lu_residential_community       71.2060       56.1658          0.3696     0.7063    0.2011   0.3846          1.5451
slope                          13.5326       12.8684          0.0801     2.1682    0.0757   0.1538          0.8771
ss_visual_complexity           33.3740       33.9602         -0.2380     0.9618    0.1064   0.3077          1.0158
ss_construction                12.0955       14.8532         -0.3427     0.7730    0.1337   0.2308          1.5474
ss_road_flat                   26.3921       33.4555         -0.6301     4.8475    0.1183   0.4615          0.9201
ss_marking                      0.7240        0.7161          0.0087     4.4211    0.1667   0.4615          0.7580
ss_nature                       5.5641        2.7350          0.3462    12.4926    0.1184   0.2308          0.7026
ss_street_object                0.5542        0.6427         -0.2799     1.9664    0.1862   0.3846          0.7992
od_person_count                 1.0191        0.7605          0.3405     1.6661    0.0827   0.3077          0.8527
od_bicycle_count                0.1758        0.1436          0.1287     1.5159    0.0511   0.1538          0.5537
od_vehicle_count                3.6495        4.5993         -0.6475     0.9420    0.1243   0.3077          1.2604
od_animal_count                 0.0030        0.0033         -0.0449     0.3946    0.0256   0.1538          0.2892
pop_den_log                     8.3392        8.3944         -0.0416     0.9029    0.1756   0.3077          1.2000
average_income_log             10.5653       10.6263         -0.1838     1.2999    0.0771   0.2308          1.0955
housing_price_log              18.2165       18.4029         -0.3311     1.0664    0.0282   0.2308          1.4840
poi_log                         3.3689        3.8539         -0.2621     1.5981    0.0765   0.2308          1.0301

Sample Sizes:
          Control Treated
All          1705      13
Matched        13      13
Unmatched    1692       0
Discarded       0       0

