
Call:
matchit(formula = formula, data = all_var_scaled_binary_treatment, 
    method = "nearest", distance = "glm")

Summary of Balance for All Data:
                  Means Treated Means Control Std. Mean Diff. Var. Ratio eCDF Mean eCDF Max
distance                 0.6646        0.5030          1.0194     0.5916    0.2302   0.3432
year2008                 0.0727        0.1249         -0.2015          .    0.0523   0.0523
year2009                 0.0332        0.0469         -0.0769          .    0.0138   0.0138
year2010                 0.0006        0.0019         -0.0568          .    0.0014   0.0014
year2011                 0.0091        0.0130         -0.0411          .    0.0039   0.0039
year2012                 0.1022        0.1059         -0.0122          .    0.0037   0.0037
year2013                 0.0000        0.0001         -0.0164          .    0.0001   0.0001
year2014                 0.0979        0.1022         -0.0142          .    0.0042   0.0042
year2015                 0.1624        0.1446          0.0481          .    0.0177   0.0177
year2016                 0.1168        0.0986          0.0566          .    0.0182   0.0182
year2017                 0.1464        0.1169          0.0836          .    0.0296   0.0296
year2018                 0.1038        0.1041         -0.0009          .    0.0003   0.0003
year2019                 0.0920        0.0921         -0.0003          .    0.0001   0.0001
year2020                 0.0629        0.0487          0.0586          .    0.0142   0.0142
ss_building              0.2847        0.1974          0.4963     1.0218    0.1539   0.2245
ss_pole                  0.0121        0.0104          0.2528     1.1079    0.0777   0.1194
ss_road                  0.1943        0.2050         -0.2275     0.6213    0.0564   0.1161
ss_sky                   0.1511        0.1901         -0.4959     0.6046    0.1150   0.1967
ss_terrain               0.0195        0.0475         -0.8029     0.3451    0.1906   0.2545
ss_traffic.light         0.0012        0.0007          0.1152     1.3218    0.0401   0.0915
ss_traffic.sign          0.0032        0.0031          0.0345     0.6951    0.0394   0.1059
ss_vegetation            0.1962        0.2377         -0.2873     0.7025    0.0642   0.0975
od_person_count          6.7594        3.6446          0.3485     1.5270    0.0503   0.2633
od_bicycle_count         0.4677        0.2096          0.1626     2.1859    0.0089   0.1065
od_vehicle_count        12.9873       11.0628          0.1965     0.6870    0.0492   0.2187
X0_9                     0.1188        0.1251         -0.1698     1.1025    0.0482   0.0808
X10_19                   0.0961        0.1070         -0.3031     1.0453    0.0960   0.1520
X20_29                   0.1869        0.1622          0.3158     1.2910    0.1055   0.1746
X30_39                   0.1994        0.1769          0.3948     1.0980    0.1182   0.1839
X40_49                   0.1404        0.1417         -0.0552     1.2173    0.0205   0.0396
X50_59                   0.1083        0.1148         -0.2290     1.0427    0.0691   0.1062
X60_69                   0.0731        0.0818         -0.3204     0.9055    0.0902   0.1453
X70_79                   0.0468        0.0540         -0.3061     0.8408    0.0876   0.1378
X80_89                   0.0245        0.0296         -0.3160     0.8238    0.0932   0.1596
IMD_score               25.9468       23.4090          0.2046     0.9807    0.0609   0.1053
housing_price_log       13.0855       12.9472          0.2530     1.0511    0.0763   0.1226
pop_den_log              7.8947        7.4493          0.4881     0.6607    0.1298   0.1918
poi_log                  3.3317        2.3651          0.6133     0.8657    0.0556   0.2752
slope                    2.1918        2.2918         -0.0930     0.8519    0.0256   0.0510


Summary of Balance for Matched Data:
                  Means Treated Means Control Std. Mean Diff. Var. Ratio eCDF Mean eCDF Max Std. Pair Dist.
distance                 0.7567        0.5030          1.6008     0.1275    0.3856   0.6726          1.6008
year2008                 0.0331        0.1249         -0.3539          .    0.0919   0.0919          0.5666
year2009                 0.0229        0.0469         -0.1344          .    0.0241   0.0241          0.3791
year2010                 0.0000        0.0019         -0.0808          .    0.0019   0.0019          0.0808
year2011                 0.0078        0.0130         -0.0543          .    0.0052   0.0052          0.2172
year2012                 0.1032        0.1059         -0.0089          .    0.0027   0.0027          0.6160
year2013                 0.0000        0.0001         -0.0164          .    0.0001   0.0001          0.0164
year2014                 0.0963        0.1022         -0.0199          .    0.0059   0.0059          0.5989
year2015                 0.1743        0.1446          0.0804          .    0.0297   0.0297          0.7283
year2016                 0.1278        0.0986          0.0910          .    0.0292   0.0292          0.6302
year2017                 0.1660        0.1169          0.1389          .    0.0491   0.0491          0.6834
year2018                 0.1044        0.1041          0.0011          .    0.0003   0.0003          0.6139
year2019                 0.0917        0.0921         -0.0011          .    0.0003   0.0003          0.5803
year2020                 0.0724        0.0487          0.0978          .    0.0237   0.0237          0.4624
ss_building              0.3412        0.1974          0.8173     0.8862    0.2471   0.3705          1.1990
ss_pole                  0.0132        0.0104          0.4194     1.2583    0.1233   0.1908          1.0555
ss_road                  0.1890        0.2050         -0.3404     0.5796    0.0800   0.1520          1.2704
ss_sky                   0.1268        0.1901         -0.8046     0.3695    0.1966   0.3272          1.2730
ss_terrain               0.0073        0.0475         -1.1534     0.0565    0.3022   0.4115          1.2581
ss_traffic.light         0.0014        0.0007          0.1836     1.6988    0.0607   0.1364          0.5060
ss_traffic.sign          0.0034        0.0031          0.0571     0.6301    0.0562   0.1407          0.7908
ss_vegetation            0.1697        0.2377         -0.4713     0.5959    0.1152   0.1565          1.1938
od_person_count          8.9577        3.6446          0.5945     1.8729    0.0857   0.3883          0.9129
od_bicycle_count         0.6542        0.2096          0.2801     3.1018    0.0153   0.1731          0.4855
od_vehicle_count        13.6980       11.0628          0.2691     0.5563    0.0671   0.2988          1.2481
X0_9                     0.1130        0.1251         -0.3262     1.1348    0.0945   0.1487          1.1231
X10_19                   0.0884        0.1070         -0.5182     0.9086    0.1611   0.2537          1.1108
X20_29                   0.2040        0.1622          0.5354     1.4004    0.1755   0.2931          1.0874
X30_39                   0.2137        0.1769          0.6462     1.0188    0.1938   0.3011          1.1396
X40_49                   0.1394        0.1417         -0.0971     1.3727    0.0353   0.0682          1.0958
X50_59                   0.1044        0.1148         -0.3672     1.0413    0.1107   0.1702          1.1295
X60_69                   0.0679        0.0818         -0.5104     0.7837    0.1439   0.2278          1.1502
X70_79                   0.0428        0.0540         -0.4809     0.7375    0.1405   0.2209          1.1372
X80_89                   0.0215        0.0296         -0.5028     0.6725    0.1499   0.2459          1.0902
IMD_score               27.5039       23.4090          0.3302     0.9342    0.0976   0.1638          1.1411
housing_price_log       13.1956       12.9472          0.4544     1.0628    0.1345   0.2143          1.1344
pop_den_log              8.1280        7.4493          0.7439     0.4958    0.2100   0.3258          1.2386
poi_log                  3.9915        2.3651          1.0319     0.5237    0.1031   0.4690          1.2676
slope                    2.1556        2.2918         -0.1267     0.6645    0.0293   0.0792          1.0732

Sample Sizes:
          Control Treated
All          9308   13957
Matched      9308    9308
Unmatched       0    4649
Discarded       0       0

