
Call:
matchit(formula = formula, data = all_var_scaled_binary_treatment, 
    method = "nearest", distance = "glm")

Summary of Balance for All Data:
                  Means Treated Means Control Std. Mean Diff. Var. Ratio eCDF Mean eCDF Max
distance                 0.8297        0.6810          1.2034     0.3952    0.2469   0.3724
year2008                 0.0827        0.1369         -0.1965          .    0.0541   0.0541
year2009                 0.0377        0.0425         -0.0253          .    0.0048   0.0048
year2010                 0.0008        0.0024         -0.0549          .    0.0016   0.0016
year2011                 0.0100        0.0131         -0.0307          .    0.0031   0.0031
year2012                 0.1015        0.1126         -0.0367          .    0.0111   0.0111
year2013                 0.0000        0.0002         -0.0328          .    0.0002   0.0002
year2014                 0.0991        0.1018         -0.0093          .    0.0028   0.0028
year2015                 0.1593        0.1392          0.0547          .    0.0200   0.0200
year2016                 0.1134        0.0939          0.0616          .    0.0195   0.0195
year2017                 0.1422        0.1042          0.1088          .    0.0380   0.0380
year2018                 0.1023        0.1104         -0.0269          .    0.0081   0.0081
year2019                 0.0912        0.0954         -0.0147          .    0.0042   0.0042
year2020                 0.0597        0.0473          0.0524          .    0.0124   0.0124
ss_building              0.2680        0.1767          0.5158     1.0262    0.1669   0.2431
ss_pole                  0.0118        0.0100          0.2658     1.1239    0.0805   0.1168
ss_road                  0.1967        0.2062         -0.1896     0.6447    0.0530   0.1145
ss_sky                   0.1578        0.2023         -0.5287     0.6516    0.1311   0.2168
ss_terrain               0.0237        0.0587         -0.8853     0.3547    0.2161   0.2812
ss_traffic.light         0.0011        0.0006          0.1277     2.1563    0.0406   0.0981
ss_traffic.sign          0.0032        0.0030          0.0504     0.6549    0.0471   0.1206
ss_vegetation            0.2042        0.2472         -0.2881     0.6712    0.0614   0.1025
od_person_count          6.1685        2.8928          0.3768     1.6817    0.0531   0.2954
od_bicycle_count         0.4235        0.1283          0.1944     3.5716    0.0102   0.1173
od_vehicle_count        12.7802        9.9665          0.2740     0.7374    0.0573   0.2569
X0_9                     0.1201        0.1261         -0.1621     1.0651    0.0430   0.0752
X10_19                   0.0983        0.1091         -0.3011     1.0435    0.0962   0.1535
X20_29                   0.1825        0.1550          0.3578     1.3985    0.1176   0.1854
X30_39                   0.1951        0.1714          0.4186     1.1042    0.1268   0.1912
X40_49                   0.1405        0.1427         -0.0916     1.1724    0.0265   0.0491
X50_59                   0.1094        0.1168         -0.2647     1.0416    0.0798   0.1244
X60_69                   0.0745        0.0845         -0.3662     0.8752    0.1015   0.1551
X70_79                   0.0481        0.0562         -0.3450     0.7986    0.0957   0.1498
X80_89                   0.0255        0.0309         -0.3313     0.8223    0.0975   0.1614
IMD_score               25.4552       22.8370          0.2101     0.9972    0.0626   0.1082
housing_price_log       13.0593       12.9137          0.2652     1.1377    0.0775   0.1180
pop_den_log              7.8274        7.2729          0.5832     0.6476    0.1540   0.2216
poi_log                  3.1563        2.1001          0.6467     0.9689    0.0584   0.2938
slope                    2.2077        2.3285         -0.1105     0.8557    0.0310   0.0576


Summary of Balance for Matched Data:
                  Means Treated Means Control Std. Mean Diff. Var. Ratio eCDF Mean eCDF Max Std. Pair Dist.
distance                 0.9404        0.6810          2.0989     0.0086    0.5941   0.9319          2.0989
year2008                 0.0146        0.1369         -0.4438          .    0.1223   0.1223          0.5405
year2009                 0.0266        0.0425         -0.0835          .    0.0159   0.0159          0.3474
year2010                 0.0000        0.0024         -0.0833          .    0.0024   0.0024          0.0833
year2011                 0.0073        0.0131         -0.0582          .    0.0058   0.0058          0.2047
year2012                 0.0853        0.1126         -0.0904          .    0.0273   0.0273          0.5927
year2013                 0.0000        0.0002         -0.0328          .    0.0002   0.0002          0.0328
year2014                 0.0930        0.1018         -0.0295          .    0.0088   0.0088          0.5890
year2015                 0.1579        0.1392          0.0511          .    0.0187   0.0187          0.6935
year2016                 0.1448        0.0939          0.1606          .    0.0509   0.0509          0.6701
year2017                 0.2069        0.1042          0.2941          .    0.1027   0.1027          0.7653
year2018                 0.0939        0.1104         -0.0546          .    0.0165   0.0165          0.6176
year2019                 0.0795        0.0954         -0.0552          .    0.0159   0.0159          0.5568
year2020                 0.0900        0.0473          0.1805          .    0.0428   0.0428          0.5469
ss_building              0.3773        0.1767          1.1329     0.7565    0.3442   0.5127          1.4184
ss_pole                  0.0158        0.0100          0.8691     1.6744    0.2329   0.3446          1.3054
ss_road                  0.1789        0.2062         -0.5460     0.5245    0.1378   0.2239          1.3184
ss_sky                   0.1087        0.2023         -1.1107     0.2825    0.3016   0.4587          1.4131
ss_terrain               0.0040        0.0587         -1.3829     0.0177    0.4129   0.5625          1.4270
ss_traffic.light         0.0022        0.0006          0.4021     4.7517    0.1139   0.2179          0.6490
ss_traffic.sign          0.0037        0.0030          0.1406     0.6679    0.0979   0.2119          0.8077
ss_vegetation            0.1475        0.2472         -0.6681     0.4624    0.1716   0.2325          1.2280
od_person_count         13.0466        2.8928          1.1679     3.0595    0.1638   0.5817          1.3340
od_bicycle_count         1.2568        0.1283          0.7431    11.6808    0.0387   0.3474          0.8226
od_vehicle_count        14.6865        9.9665          0.4595     0.4987    0.0941   0.4323          1.2293
X0_9                     0.1045        0.1261         -0.5870     1.1731    0.1671   0.2752          1.2206
X10_19                   0.0840        0.1091         -0.6995     0.8894    0.2148   0.3410          1.1942
X20_29                   0.2245        0.1550          0.9052     1.7016    0.2765   0.4525          1.2960
X30_39                   0.2217        0.1714          0.8871     1.1071    0.2592   0.3889          1.3168
X40_49                   0.1344        0.1427         -0.3534     1.4471    0.1009   0.1642          1.1622
X50_59                   0.1022        0.1168         -0.5209     1.1728    0.1570   0.2471          1.2299
X60_69                   0.0645        0.0845         -0.7347     0.7458    0.2088   0.3202          1.2771
X70_79                   0.0399        0.0562         -0.6885     0.6783    0.2030   0.3077          1.2261
X80_89                   0.0198        0.0309         -0.6708     0.5731    0.2045   0.3337          1.1352
IMD_score               28.6165       22.8370          0.4637     0.9076    0.1366   0.2308          1.1710
housing_price_log       13.3005       12.9137          0.7043     1.0617    0.2080   0.3307          1.1863
pop_den_log              8.2476        7.2729          1.0253     0.4361    0.2990   0.4493          1.4035
poi_log                  4.4843        2.1001          1.4599     0.3913    0.1834   0.6560          1.5717
slope                    2.1507        2.3285         -0.1626     0.5362    0.0353   0.1100          1.0544

Sample Sizes:
          Control Treated
All          4654   18611
Matched      4654    4654
Unmatched       0   13957
Discarded       0       0

