
Call:
matchit(formula = formula, data = all_var_scaled_binary_treatment, 
    method = "nearest", distance = "glm")

Summary of Balance for All Data:
                  Means Treated Means Control Std. Mean Diff. Var. Ratio eCDF Mean eCDF Max
distance                 0.9134        0.7796          1.5128     0.2457    0.2741   0.4276
year2008                 0.0885        0.1397         -0.1804          .    0.0512   0.0512
year2009                 0.0385        0.0400         -0.0074          .    0.0014   0.0014
year2010                 0.0011        0.0017         -0.0206          .    0.0007   0.0007
year2011                 0.0107        0.0103          0.0037          .    0.0004   0.0004
year2012                 0.1017        0.1216         -0.0658          .    0.0199   0.0199
year2013                 0.0000        0.0004         -0.0655          .    0.0004   0.0004
year2014                 0.0980        0.1147         -0.0565          .    0.0168   0.0168
year2015                 0.1576        0.1341          0.0646          .    0.0235   0.0235
year2016                 0.1120        0.0868          0.0800          .    0.0252   0.0252
year2017                 0.1377        0.1066          0.0904          .    0.0312   0.0312
year2018                 0.1044        0.0997          0.0154          .    0.0047   0.0047
year2019                 0.0915        0.0971         -0.0196          .    0.0057   0.0057
year2020                 0.0583        0.0473          0.0471          .    0.0110   0.0110
ss_building              0.2599        0.1586          0.5710     0.9549    0.1941   0.2896
ss_pole                  0.0116        0.0097          0.2866     1.0903    0.0858   0.1233
ss_road                  0.1979        0.2050         -0.1392     0.6796    0.0418   0.0951
ss_sky                   0.1622        0.2069         -0.5131     0.6467    0.1305   0.2233
ss_terrain               0.0262        0.0713         -1.0671     0.3311    0.2540   0.3373
ss_traffic.light         0.0011        0.0005          0.1613     4.1964    0.0467   0.1103
ss_traffic.sign          0.0032        0.0031          0.0098     0.4780    0.0480   0.1364
ss_vegetation            0.2067        0.2678         -0.4050     0.5867    0.0829   0.1334
od_person_count          5.8907        2.1165          0.4383     2.3435    0.0609   0.3392
od_bicycle_count         0.3954        0.0855          0.2104     8.0869    0.0106   0.1231
od_vehicle_count        12.6133        8.6549          0.3774     0.7928    0.0722   0.3052
X0_9                     0.1207        0.1266         -0.1602     1.0755    0.0412   0.0788
X10_19                   0.0994        0.1105         -0.3078     1.1043    0.0990   0.1657
X20_29                   0.1800        0.1501          0.3935     1.4510    0.1313   0.2089
X30_39                   0.1932        0.1653          0.4921     1.1701    0.1491   0.2155
X40_49                   0.1407        0.1430         -0.0973     1.1685    0.0287   0.0542
X50_59                   0.1100        0.1189         -0.3171     1.0585    0.0941   0.1459
X60_69                   0.0753        0.0873         -0.4351     0.8658    0.1203   0.1817
X70_79                   0.0487        0.0585         -0.4059     0.7678    0.1098   0.1648
X80_89                   0.0259        0.0324         -0.3907     0.8013    0.1149   0.1893
IMD_score               25.2523       22.0447          0.2563     1.0739    0.0746   0.1260
housing_price_log       13.0449       12.8983          0.2681     1.1127    0.0819   0.1351
pop_den_log              7.7866        7.0855          0.7189     0.6293    0.1862   0.2660
poi_log                  3.0626        1.8863          0.7093     1.0477    0.0635   0.3274
slope                    2.2149        2.3843         -0.1539     0.8433    0.0438   0.0801


Summary of Balance for Matched Data:
                  Means Treated Means Control Std. Mean Diff. Var. Ratio eCDF Mean eCDF Max Std. Pair Dist.
distance                 0.9875        0.7796          2.3514     0.0008    0.7001   0.9794          2.3514
year2008                 0.0206        0.1397         -0.4192          .    0.1190   0.1190          0.5524
year2009                 0.0331        0.0400         -0.0357          .    0.0069   0.0069          0.3616
year2010                 0.0000        0.0017         -0.0531          .    0.0017   0.0017          0.0531
year2011                 0.0133        0.0103          0.0292          .    0.0030   0.0030          0.2130
year2012                 0.0563        0.1216         -0.2161          .    0.0653   0.0653          0.5288
year2013                 0.0000        0.0004         -0.0655          .    0.0004   0.0004          0.0655
year2014                 0.0705        0.1147         -0.1489          .    0.0443   0.0443          0.5884
year2015                 0.1710        0.1341          0.1014          .    0.0370   0.0370          0.7241
year2016                 0.1556        0.0868          0.2180          .    0.0688   0.0688          0.6676
year2017                 0.1955        0.1066          0.2581          .    0.0890   0.0890          0.7370
year2018                 0.1306        0.0997          0.1012          .    0.0309   0.0309          0.6380
year2019                 0.0748        0.0971         -0.0775          .    0.0223   0.0223          0.5337
year2020                 0.0786        0.0473          0.1339          .    0.0314   0.0314          0.5006
ss_building              0.3917        0.1586          1.3144     0.6214    0.4084   0.6124          1.5880
ss_pole                  0.0169        0.0097          1.0896     2.0816    0.2693   0.3906          1.5180
ss_road                  0.1818        0.2050         -0.4513     0.5492    0.1153   0.1947          1.2568
ss_sky                   0.1041        0.2069         -1.1805     0.2781    0.3291   0.4809          1.4764
ss_terrain               0.0029        0.0713         -1.6190     0.0109    0.4934   0.6528          1.6490
ss_traffic.light         0.0036        0.0005          0.8325    18.1673    0.2023   0.3391          0.9878
ss_traffic.sign          0.0035        0.0031          0.0659     0.3572    0.1006   0.2548          0.7996
ss_vegetation            0.1178        0.2678         -0.9939     0.3328    0.2631   0.3468          1.3440
od_person_count         20.2841        2.1165          2.1099     5.2436    0.2930   0.7933          2.1655
od_bicycle_count         2.1577        0.0855          1.4069    50.1827    0.0709   0.5243          1.4256
od_vehicle_count        15.3868        8.6549          0.6419     0.4468    0.1238   0.5471          1.2917
X0_9                     0.0972        0.1266         -0.8004     1.1138    0.2239   0.3752          1.2859
X10_19                   0.0818        0.1105         -0.7948     0.9914    0.2429   0.3911          1.2362
X20_29                   0.2248        0.1501          0.9835     1.5956    0.3103   0.5075          1.3304
X30_39                   0.2269        0.1653          1.0860     1.2433    0.3097   0.4491          1.3998
X40_49                   0.1359        0.1430         -0.3035     1.4422    0.0963   0.1663          1.1591
X50_59                   0.1043        0.1189         -0.5195     1.2946    0.1604   0.2630          1.2458
X60_69                   0.0656        0.0873         -0.7899     0.8081    0.2229   0.3309          1.3041
X70_79                   0.0398        0.0585         -0.7792     0.6032    0.2229   0.3275          1.2402
X80_89                   0.0195        0.0324         -0.7722     0.4657    0.2313   0.3786          1.1485
IMD_score               28.4698       22.0447          0.5133     0.9719    0.1499   0.2630          1.1528
housing_price_log       13.3776       12.8983          0.8770     1.1202    0.2513   0.4005          1.2627
pop_den_log              8.1905        7.0855          1.1331     0.4136    0.3203   0.4590          1.4660
poi_log                  4.7220        1.8863          1.7098     0.4219    0.2514   0.7241          1.7951
slope                    2.2047        2.3843         -0.1632     0.4671    0.0344   0.1371          1.0327

Sample Sizes:
          Control Treated
All          2327   20938
Matched      2327    2327
Unmatched       0   18611
Discarded       0       0

