
Call:
matchit(formula = formula, data = all_var_scaled_binary_treatment, 
    method = "nearest", distance = "glm")

Summary of Balance for All Data:
                  Means Treated Means Control Std. Mean Diff. Var. Ratio eCDF Mean eCDF Max
distance                 0.2814        0.1796          0.8022     1.0902    0.2303   0.3423
year2008                 0.0516        0.1041         -0.2372          .    0.0525   0.0525
year2009                 0.0271        0.0416         -0.0893          .    0.0145   0.0145
year2010                 0.0006        0.0012         -0.0233          .    0.0006   0.0006
year2011                 0.0073        0.0115         -0.0492          .    0.0042   0.0042
year2012                 0.0987        0.1050         -0.0212          .    0.0063   0.0063
year2013                 0.0000        0.0001         -0.0082          .    0.0001   0.0001
year2014                 0.0914        0.1017         -0.0359          .    0.0103   0.0103
year2015                 0.1679        0.1521          0.0422          .    0.0158   0.0158
year2016                 0.1161        0.1079          0.0256          .    0.0082   0.0082
year2017                 0.1464        0.1317          0.0416          .    0.0147   0.0147
year2018                 0.1129        0.1017          0.0352          .    0.0112   0.0112
year2019                 0.0989        0.0903          0.0287          .    0.0086   0.0086
year2020                 0.0813        0.0512          0.1100          .    0.0301   0.0301
ss_building              0.3200        0.2322          0.5048     0.9569    0.1477   0.2204
ss_pole                  0.0130        0.0110          0.2855     1.2420    0.0866   0.1311
ss_road                  0.1870        0.2015         -0.3574     0.5455    0.0796   0.1552
ss_sky                   0.1408        0.1732         -0.4508     0.5892    0.0996   0.1656
ss_terrain               0.0133        0.0351         -0.8106     0.2742    0.1633   0.2226
ss_traffic.light         0.0015        0.0009          0.1503     1.7002    0.0549   0.1182
ss_traffic.sign          0.0031        0.0032         -0.0115     0.5432    0.0258   0.0773
ss_vegetation            0.1773        0.2217         -0.3349     0.6696    0.0746   0.1189
od_person_count          7.4245        5.0355          0.2806     1.0402    0.0397   0.2332
od_bicycle_count         0.5544        0.3169          0.1401     1.6360    0.0082   0.0990
od_vehicle_count        12.8074       12.0699          0.0803     0.6926    0.0367   0.1819
X0_9                     0.1155        0.1228         -0.1915     1.0926    0.0536   0.0941
X10_19                   0.0931        0.1023         -0.2581     0.9767    0.0822   0.1322
X20_29                   0.1966        0.1721          0.2944     1.3099    0.0969   0.1538
X30_39                   0.2061        0.1865          0.3436     1.0368    0.0996   0.1474
X40_49                   0.1397        0.1412         -0.0590     1.3223    0.0217   0.0395
X50_59                   0.1063        0.1120         -0.2039     1.0233    0.0581   0.0874
X60_69                   0.0699        0.0782         -0.3075     0.9307    0.0857   0.1402
X70_79                   0.0446        0.0510         -0.2760     0.8629    0.0777   0.1190
X80_89                   0.0228        0.0275         -0.2898     0.8785    0.0882   0.1412
IMD_score               26.7716       24.4716          0.1863     0.9741    0.0543   0.0996
housing_price_log       13.1458       13.0013          0.2674     0.9902    0.0804   0.1336
pop_den_log              7.9781        7.6511          0.3622     0.7485    0.1013   0.1569
poi_log                  3.6565        2.7672          0.6061     0.7473    0.0591   0.2549
slope                    2.1998        2.2398         -0.0379     0.8793    0.0103   0.0323


Summary of Balance for Matched Data:
                  Means Treated Means Control Std. Mean Diff. Var. Ratio eCDF Mean eCDF Max Std. Pair Dist.
distance                 0.2814        0.2811          0.0028     1.0135    0.0001   0.0041          0.0030
year2008                 0.0516        0.0503          0.0058          .    0.0013   0.0013          0.3907
year2009                 0.0271        0.0258          0.0079          .    0.0013   0.0013          0.3178
year2010                 0.0006        0.0002          0.0169          .    0.0004   0.0004          0.0339
year2011                 0.0073        0.0077         -0.0050          .    0.0004   0.0004          0.1767
year2012                 0.0987        0.1004         -0.0058          .    0.0017   0.0017          0.5911
year2013                 0.0000        0.0000          0.0000          .    0.0000   0.0000          0.0000
year2014                 0.0914        0.0911          0.0007          .    0.0002   0.0002          0.5678
year2015                 0.1679        0.1649          0.0081          .    0.0030   0.0030          0.7327
year2016                 0.1161        0.1139          0.0067          .    0.0021   0.0021          0.6402
year2017                 0.1464        0.1453          0.0030          .    0.0011   0.0011          0.7133
year2018                 0.1129        0.1210         -0.0258          .    0.0082   0.0082          0.6481
year2019                 0.0989        0.1015         -0.0086          .    0.0026   0.0026          0.6092
year2020                 0.0813        0.0778          0.0126          .    0.0034   0.0034          0.5098
ss_building              0.3200        0.3219         -0.0113     0.9762    0.0069   0.0185          0.9705
ss_pole                  0.0130        0.0128          0.0367     0.8709    0.0239   0.0456          0.9715
ss_road                  0.1870        0.1860          0.0233     0.6133    0.0410   0.0836          1.2176
ss_sky                   0.1408        0.1393          0.0209     0.8601    0.0174   0.0331          1.0315
ss_terrain               0.0133        0.0130          0.0107     1.0347    0.0048   0.0198          0.5632
ss_traffic.light         0.0015        0.0015          0.0188     0.8298    0.0182   0.0647          0.5688
ss_traffic.sign          0.0031        0.0030          0.0212     0.9787    0.0111   0.0361          0.8354
ss_vegetation            0.1773        0.1759          0.0111     0.8152    0.0235   0.0499          1.0950
od_person_count          7.4245        7.7169         -0.0343     0.7048    0.0184   0.0922          0.9999
od_bicycle_count         0.5544        0.5623         -0.0047     0.7843    0.0021   0.0211          0.5602
od_vehicle_count        12.8074       13.0383         -0.0252     0.8447    0.0217   0.0821          1.1600
X0_9                     0.1155        0.1156         -0.0009     0.9914    0.0042   0.0206          1.0768
X10_19                   0.0931        0.0930          0.0040     0.9554    0.0063   0.0211          1.0538
X20_29                   0.1966        0.1965          0.0003     1.0589    0.0116   0.0348          0.9961
X30_39                   0.2061        0.2057          0.0071     1.0238    0.0062   0.0217          1.0348
X40_49                   0.1397        0.1397          0.0012     1.1019    0.0059   0.0176          1.0666
X50_59                   0.1063        0.1066         -0.0110     0.9787    0.0078   0.0243          1.1014
X60_69                   0.0699        0.0703         -0.0161     1.0742    0.0118   0.0342          1.0515
X70_79                   0.0446        0.0446          0.0028     1.0136    0.0062   0.0187          1.0234
X80_89                   0.0228        0.0227          0.0072     1.2178    0.0078   0.0234          0.9246
IMD_score               26.7716       26.7441          0.0022     1.0203    0.0085   0.0282          1.1221
housing_price_log       13.1458       13.1504         -0.0086     0.9295    0.0064   0.0166          1.0750
pop_den_log              7.9781        7.9887         -0.0117     1.0377    0.0077   0.0202          0.9925
poi_log                  3.6565        3.6900         -0.0228     0.9654    0.0100   0.0428          0.8895
slope                    2.1998        2.1913          0.0080     1.1458    0.0088   0.0312          1.0556

Sample Sizes:
          Control Treated
All         18613    4652
Matched      4652    4652
Unmatched   13961       0
Discarded       0       0

