
Call:
matchit(formula = formula, data = all_var_scaled_binary_treatment, 
    method = "nearest", distance = "glm")

Summary of Balance for All Data:
                  Means Treated Means Control Std. Mean Diff. Var. Ratio eCDF Mean eCDF Max
distance                 0.5763        0.4235          0.9413     0.6950    0.2242   0.3344
year2008                 0.0661        0.1210         -0.2209          .    0.0549   0.0549
year2009                 0.0326        0.0448         -0.0687          .    0.0122   0.0122
year2010                 0.0006        0.0016         -0.0420          .    0.0010   0.0010
year2011                 0.0080        0.0133         -0.0598          .    0.0053   0.0053
year2012                 0.1003        0.1071         -0.0225          .    0.0067   0.0067
year2013                 0.0000        0.0001         -0.0131          .    0.0001   0.0001
year2014                 0.0983        0.1010         -0.0091          .    0.0027   0.0027
year2015                 0.1636        0.1469          0.0453          .    0.0167   0.0167
year2016                 0.1201        0.0989          0.0652          .    0.0212   0.0212
year2017                 0.1448        0.1245          0.0578          .    0.0203   0.0203
year2018                 0.1046        0.1032          0.0046          .    0.0014   0.0014
year2019                 0.0951        0.0890          0.0209          .    0.0061   0.0061
year2020                 0.0658        0.0486          0.0691          .    0.0171   0.0171
ss_building              0.2934        0.2061          0.4971     1.0160    0.1516   0.2194
ss_pole                  0.0123        0.0105          0.2560     1.1397    0.0786   0.1255
ss_road                  0.1933        0.2039         -0.2333     0.6157    0.0578   0.1171
ss_sky                   0.1485        0.1848         -0.4732     0.5979    0.1077   0.1844
ss_terrain               0.0179        0.0435         -0.7845     0.3285    0.1807   0.2393
ss_traffic.light         0.0013        0.0007          0.1275     1.5526    0.0436   0.0896
ss_traffic.sign          0.0032        0.0031          0.0102     0.5631    0.0371   0.1043
ss_vegetation            0.1908        0.2348         -0.3105     0.7025    0.0713   0.1069
od_person_count          6.9851        4.0419          0.3284     1.3921    0.0475   0.2507
od_bicycle_count         0.5008        0.2281          0.1637     2.3800    0.0094   0.1048
od_vehicle_count        13.0116       11.4235          0.1656     0.6802    0.0452   0.2079
X0_9                     0.1180        0.1247         -0.1778     1.1070    0.0509   0.0852
X10_19                   0.0951        0.1058         -0.2979     1.0191    0.0944   0.1487
X20_29                   0.1895        0.1646          0.3148     1.3165    0.1045   0.1738
X30_39                   0.2014        0.1794          0.3842     1.0913    0.1138   0.1759
X40_49                   0.1402        0.1416         -0.0574     1.2419    0.0212   0.0392
X50_59                   0.1077        0.1141         -0.2245     1.0710    0.0679   0.1003
X60_69                   0.0723        0.0808         -0.3163     0.9230    0.0884   0.1383
X70_79                   0.0462        0.0533         -0.3064     0.8465    0.0876   0.1373
X80_89                   0.0241        0.0290         -0.3097     0.8297    0.0915   0.1502
IMD_score               26.0967       23.7667          0.1880     0.9801    0.0555   0.0981
housing_price_log       13.1003       12.9601          0.2575     1.0241    0.0781   0.1260
pop_den_log              7.9161        7.5169          0.4396     0.6882    0.1194   0.1820
poi_log                  3.4193        2.4709          0.6116     0.8376    0.0576   0.2696
slope                    2.1945        2.2691         -0.0697     0.8648    0.0191   0.0416


Summary of Balance for Matched Data:
                  Means Treated Means Control Std. Mean Diff. Var. Ratio eCDF Mean eCDF Max Std. Pair Dist.
distance                 0.5763        0.4237          0.9402     0.6961    0.2241   0.3342          0.9402
year2008                 0.0661        0.1210         -0.2208          .    0.0549   0.0549          0.6554
year2009                 0.0326        0.0448         -0.0688          .    0.0122   0.0122          0.4097
year2010                 0.0006        0.0016         -0.0421          .    0.0010   0.0010          0.0912
year2011                 0.0080        0.0133         -0.0599          .    0.0053   0.0053          0.2356
year2012                 0.1003        0.1071         -0.0223          .    0.0067   0.0067          0.6296
year2013                 0.0000        0.0000          0.0000          .    0.0000   0.0000          0.0000
year2014                 0.0983        0.1009         -0.0090          .    0.0027   0.0027          0.6011
year2015                 0.1636        0.1469          0.0451          .    0.0167   0.0167          0.7005
year2016                 0.1201        0.0990          0.0651          .    0.0212   0.0212          0.5972
year2017                 0.1448        0.1245          0.0577          .    0.0203   0.0203          0.6548
year2018                 0.1046        0.1032          0.0048          .    0.0015   0.0015          0.6104
year2019                 0.0951        0.0890          0.0208          .    0.0061   0.0061          0.5748
year2020                 0.0658        0.0487          0.0690          .    0.0171   0.0171          0.4291
ss_building              0.2934        0.2062          0.4968     1.0160    0.1515   0.2193          0.9824
ss_pole                  0.0123        0.0105          0.2554     1.1404    0.0785   0.1253          0.9675
ss_road                  0.1933        0.2039         -0.2336     0.6159    0.0579   0.1171          1.2638
ss_sky                   0.1485        0.1848         -0.4723     0.5991    0.1076   0.1843          1.1828
ss_terrain               0.0179        0.0434         -0.7807     0.3334    0.1806   0.2392          1.0351
ss_traffic.light         0.0013        0.0007          0.1275     1.5520    0.0436   0.0895          0.4396
ss_traffic.sign          0.0032        0.0031          0.0099     0.5629    0.0370   0.1040          0.8465
ss_vegetation            0.1908        0.2348         -0.3109     0.7025    0.0714   0.1071          1.1692
od_person_count          6.9851        4.0434          0.3282     1.3916    0.0475   0.2506          0.7527
od_bicycle_count         0.5008        0.2282          0.1637     2.3790    0.0094   0.1047          0.3843
od_vehicle_count        13.0116       11.4282          0.1651     0.6802    0.0452   0.2077          1.2271
X0_9                     0.1180        0.1247         -0.1778     1.1066    0.0509   0.0852          1.0658
X10_19                   0.0951        0.1058         -0.2977     1.0188    0.0943   0.1486          1.0463
X20_29                   0.1895        0.1646          0.3147     1.3163    0.1044   0.1737          0.9405
X30_39                   0.2014        0.1794          0.3837     1.0914    0.1137   0.1757          1.0105
X40_49                   0.1402        0.1416         -0.0576     1.2420    0.0213   0.0393          1.0438
X50_59                   0.1077        0.1141         -0.2242     1.0711    0.0678   0.1002          1.0663
X60_69                   0.0723        0.0808         -0.3158     0.9233    0.0883   0.1382          1.0911
X70_79                   0.0462        0.0533         -0.3058     0.8473    0.0874   0.1372          1.0886
X80_89                   0.0241        0.0290         -0.3094     0.8296    0.0914   0.1500          1.0516
IMD_score               26.0967       23.7692          0.1878     0.9800    0.0555   0.0979          1.1053
housing_price_log       13.1003       12.9603          0.2572     1.0241    0.0780   0.1259          1.0701
pop_den_log              7.9161        7.5180          0.4384     0.6902    0.1193   0.1819          1.0934
poi_log                  3.4193        2.4715          0.6112     0.8381    0.0576   0.2696          0.9997
slope                    2.1945        2.2683         -0.0689     0.8655    0.0189   0.0414          1.1182

Sample Sizes:
          Control Treated
All         11635   11630
Matched     11630   11630
Unmatched       5       0
Discarded       0       0

