
Call:
matchit(formula = formula, data = all_var_scaled_binary_treatment, 
    method = "nearest", distance = "glm")

Summary of Balance for All Data:
                  Means Treated Means Control Std. Mean Diff. Var. Ratio eCDF Mean eCDF Max
distance                 0.1681        0.0924          0.7628     1.5608    0.2534   0.3863
year2008                 0.0434        0.0991         -0.2734          .    0.0557   0.0557
year2009                 0.0241        0.0403         -0.1059          .    0.0162   0.0162
year2010                 0.0000        0.0012         -0.0372          .    0.0012   0.0012
year2011                 0.0069        0.0111         -0.0508          .    0.0042   0.0042
year2012                 0.0942        0.1048         -0.0364          .    0.0106   0.0106
year2013                 0.0000        0.0000         -0.0073          .    0.0000   0.0000
year2014                 0.0890        0.1008         -0.0415          .    0.0118   0.0118
year2015                 0.1758        0.1530          0.0601          .    0.0229   0.0229
year2016                 0.1062        0.1099         -0.0120          .    0.0037   0.0037
year2017                 0.1466        0.1333          0.0376          .    0.0133   0.0133
year2018                 0.1204        0.1021          0.0562          .    0.0183   0.0183
year2019                 0.1049        0.0906          0.0467          .    0.0143   0.0143
year2020                 0.0886        0.0537          0.1226          .    0.0348   0.0348
ss_building              0.3316        0.2407          0.5325     0.9077    0.1525   0.2264
ss_pole                  0.0135        0.0112          0.3207     1.2082    0.0978   0.1466
ss_road                  0.1830        0.2003         -0.4523     0.5099    0.0974   0.1835
ss_sky                   0.1356        0.1701         -0.4940     0.5809    0.1097   0.1786
ss_terrain               0.0122        0.0328         -0.7829     0.2781    0.1572   0.2170
ss_traffic.light         0.0018        0.0009          0.1822     1.8893    0.0679   0.1401
ss_traffic.sign          0.0032        0.0032          0.0012     0.5659    0.0276   0.0802
ss_vegetation            0.1729        0.2172         -0.3490     0.6315    0.0737   0.1156
od_person_count          7.9093        5.2471          0.3056     1.0852    0.0437   0.2536
od_bicycle_count         0.6470        0.3330          0.1732     1.7932    0.0109   0.1157
od_vehicle_count        12.3121       12.2068          0.0121     0.6383    0.0412   0.1894
X0_9                     0.1139        0.1222         -0.2140     1.1221    0.0580   0.1017
X10_19                   0.0924        0.1014         -0.2501     0.9966    0.0808   0.1362
X20_29                   0.2010        0.1743          0.3079     1.3913    0.1023   0.1679
X30_39                   0.2077        0.1885          0.3311     1.0512    0.0941   0.1386
X40_49                   0.1396        0.1411         -0.0544     1.3795    0.0196   0.0442
X50_59                   0.1055        0.1115         -0.2079     1.0545    0.0578   0.0882
X60_69                   0.0684        0.0774         -0.3373     0.9161    0.0912   0.1453
X70_79                   0.0438        0.0504         -0.2760     0.9435    0.0832   0.1304
X80_89                   0.0225        0.0270         -0.2662     0.9854    0.0890   0.1402
IMD_score               27.4277       24.6542          0.2209     1.0128    0.0629   0.1215
housing_price_log       13.1604       13.0157          0.2679     0.9835    0.0792   0.1364
pop_den_log              8.0320        7.6814          0.3903     0.7571    0.1098   0.1708
poi_log                  3.8066        2.8493          0.6693     0.7149    0.0688   0.2820
slope                    2.1643        2.2393         -0.0744     0.8046    0.0159   0.0478


Summary of Balance for Matched Data:
                  Means Treated Means Control Std. Mean Diff. Var. Ratio eCDF Mean eCDF Max Std. Pair Dist.
distance                 0.1681        0.1681          0.0004     1.0018    0.0001   0.0026          0.0012
year2008                 0.0434        0.0404          0.0148          .    0.0030   0.0030          0.3565
year2009                 0.0241        0.0228          0.0084          .    0.0013   0.0013          0.3001
year2010                 0.0000        0.0000          0.0000          .    0.0000   0.0000          0.0000
year2011                 0.0069        0.0099         -0.0364          .    0.0030   0.0030          0.2029
year2012                 0.0942        0.0989         -0.0162          .    0.0047   0.0047          0.5874
year2013                 0.0000        0.0000          0.0000          .    0.0000   0.0000          0.0000
year2014                 0.0890        0.0929         -0.0136          .    0.0039   0.0039          0.5843
year2015                 0.1758        0.1642          0.0305          .    0.0116   0.0116          0.7307
year2016                 0.1062        0.1071         -0.0028          .    0.0009   0.0009          0.6196
year2017                 0.1466        0.1440          0.0073          .    0.0026   0.0026          0.6904
year2018                 0.1204        0.1290         -0.0264          .    0.0086   0.0086          0.6553
year2019                 0.1049        0.1083         -0.0112          .    0.0034   0.0034          0.6033
year2020                 0.0886        0.0825          0.0212          .    0.0060   0.0060          0.5084
ss_building              0.3316        0.3356         -0.0234     0.9625    0.0082   0.0215          1.0164
ss_pole                  0.0135        0.0131          0.0461     0.7964    0.0322   0.0658          1.0214
ss_road                  0.1830        0.1823          0.0178     0.5958    0.0398   0.0864          1.2213
ss_sky                   0.1356        0.1347          0.0121     0.9066    0.0103   0.0318          1.0295
ss_terrain               0.0122        0.0115          0.0278     1.0833    0.0134   0.0451          0.5694
ss_traffic.light         0.0018        0.0018          0.0009     0.6264    0.0240   0.0727          0.6242
ss_traffic.sign          0.0032        0.0032          0.0034     0.8724    0.0066   0.0322          0.8569
ss_vegetation            0.1729        0.1696          0.0258     0.8010    0.0244   0.0525          1.1260
od_person_count          7.9093        8.1948         -0.0328     0.7123    0.0188   0.0946          1.0507
od_bicycle_count         0.6470        0.7003         -0.0294     0.6684    0.0028   0.0163          0.6359
od_vehicle_count        12.3121       12.6406         -0.0378     0.8147    0.0242   0.0959          1.1747
X0_9                     0.1139        0.1128          0.0300     1.0610    0.0154   0.0305          1.0816
X10_19                   0.0924        0.0920          0.0117     1.0570    0.0096   0.0297          1.0684
X20_29                   0.2010        0.2045         -0.0397     1.0844    0.0189   0.0649          0.9975
X30_39                   0.2077        0.2084         -0.0137     1.0312    0.0097   0.0297          1.0503
X40_49                   0.1396        0.1389          0.0281     1.1453    0.0129   0.0301          1.0518
X50_59                   0.1055        0.1050          0.0181     1.0409    0.0105   0.0387          1.0774
X60_69                   0.0684        0.0679          0.0185     1.0987    0.0141   0.0391          1.0340
X70_79                   0.0438        0.0431          0.0275     1.0806    0.0118   0.0284          0.9827
X80_89                   0.0225        0.0222          0.0156     1.2136    0.0093   0.0279          0.8773
IMD_score               27.4277       27.3723          0.0044     1.0870    0.0127   0.0404          1.0718
housing_price_log       13.1604       13.1697         -0.0173     0.9519    0.0092   0.0344          1.1048
pop_den_log              8.0320        8.0471         -0.0168     1.0587    0.0157   0.0365          0.9744
poi_log                  3.8066        3.8562         -0.0346     0.9966    0.0156   0.0645          0.8820
slope                    2.1643        2.1663         -0.0019     1.0725    0.0089   0.0318          1.0734

Sample Sizes:
          Control Treated
All         20939    2326
Matched      2326    2326
Unmatched   18613       0
Discarded       0       0

