
Call:
matchit(formula = formula, data = all_var_scaled_binary_treatment, 
    method = "nearest", distance = "glm")

Summary of Balance for All Data:
                  Means Treated Means Control Std. Mean Diff. Var. Ratio eCDF Mean eCDF Max
distance                 0.3850        0.2635          0.8446     0.8776    0.2213   0.3282
year2008                 0.0593        0.1082         -0.2071          .    0.0489   0.0489
year2009                 0.0268        0.0438         -0.1051          .    0.0170   0.0170
year2010                 0.0004        0.0014         -0.0474          .    0.0010   0.0010
year2011                 0.0089        0.0114         -0.0270          .    0.0025   0.0025
year2012                 0.0990        0.1057         -0.0224          .    0.0067   0.0067
year2013                 0.0000        0.0001         -0.0094          .    0.0001   0.0001
year2014                 0.0934        0.1023         -0.0304          .    0.0089   0.0089
year2015                 0.1691        0.1493          0.0528          .    0.0198   0.0198
year2016                 0.1167        0.1065          0.0317          .    0.0102   0.0102
year2017                 0.1450        0.1302          0.0422          .    0.0149   0.0149
year2018                 0.1106        0.1011          0.0305          .    0.0096   0.0096
year2019                 0.0959        0.0904          0.0187          .    0.0055   0.0055
year2020                 0.0748        0.0497          0.0955          .    0.0251   0.0251
ss_building              0.3113        0.2234          0.5028     0.9846    0.1490   0.2205
ss_pole                  0.0126        0.0109          0.2514     1.1435    0.0767   0.1192
ss_road                  0.1895        0.2025         -0.3034     0.5789    0.0685   0.1377
ss_sky                   0.1427        0.1769         -0.4689     0.5875    0.1043   0.1746
ss_terrain               0.0148        0.0375         -0.7880     0.2963    0.1672   0.2226
ss_traffic.light         0.0014        0.0008          0.1280     1.5098    0.0459   0.0973
ss_traffic.sign          0.0032        0.0032         -0.0056     0.5768    0.0264   0.0807
ss_vegetation            0.1825        0.2258         -0.3194     0.6829    0.0717   0.1106
od_person_count          7.3038        4.7461          0.2939     1.1264    0.0420   0.2319
od_bicycle_count         0.5449        0.2871          0.1519     1.8148    0.0089   0.1027
od_vehicle_count        12.8587       11.9426          0.0994     0.6714    0.0396   0.1866
X0_9                     0.1167        0.1233         -0.1775     1.0973    0.0497   0.0777
X10_19                   0.0938        0.1033         -0.2647     0.9989    0.0844   0.1316
X20_29                   0.1937        0.1699          0.2942     1.2875    0.0980   0.1583
X30_39                   0.2045        0.1843          0.3583     1.0074    0.1051   0.1567
X40_49                   0.1399        0.1414         -0.0594     1.2780    0.0198   0.0404
X50_59                   0.1068        0.1126         -0.2073     1.0239    0.0598   0.0923
X60_69                   0.0709        0.0790         -0.3031     0.8992    0.0829   0.1280
X70_79                   0.0451        0.0517         -0.2907     0.8284    0.0806   0.1255
X80_89                   0.0232        0.0280         -0.2977     0.8442    0.0878   0.1453
IMD_score               26.5406       24.2420          0.1870     0.9609    0.0553   0.0988
housing_price_log       13.1276       12.9885          0.2565     1.0027    0.0769   0.1251
pop_den_log              7.9587        7.6127          0.3840     0.7262    0.1069   0.1658
poi_log                  3.5687        2.6778          0.5947     0.7767    0.0571   0.2540
slope                    2.1868        2.2511         -0.0615     0.8420    0.0134   0.0360


Summary of Balance for Matched Data:
                  Means Treated Means Control Std. Mean Diff. Var. Ratio eCDF Mean eCDF Max Std. Pair Dist.
distance                 0.3850        0.3788          0.0437     1.1023    0.0064   0.0393          0.0438
year2008                 0.0593        0.0615         -0.0091          .    0.0021   0.0021          0.4689
year2009                 0.0268        0.0289         -0.0133          .    0.0021   0.0021          0.3274
year2010                 0.0004        0.0006         -0.0069          .    0.0001   0.0001          0.0484
year2011                 0.0089        0.0097         -0.0092          .    0.0009   0.0009          0.1985
year2012                 0.0990        0.0944          0.0154          .    0.0046   0.0046          0.5834
year2013                 0.0000        0.0000          0.0000          .    0.0000   0.0000          0.0000
year2014                 0.0934        0.0946         -0.0039          .    0.0011   0.0011          0.5722
year2015                 0.1691        0.1734         -0.0115          .    0.0043   0.0043          0.7386
year2016                 0.1167        0.1181         -0.0045          .    0.0014   0.0014          0.6286
year2017                 0.1450        0.1447          0.0008          .    0.0003   0.0003          0.7114
year2018                 0.1106        0.1109         -0.0009          .    0.0003   0.0003          0.6350
year2019                 0.0959        0.0963         -0.0015          .    0.0004   0.0004          0.5972
year2020                 0.0748        0.0668          0.0305          .    0.0080   0.0080          0.4783
ss_building              0.3113        0.3106          0.0040     0.9783    0.0049   0.0162          0.9367
ss_pole                  0.0126        0.0120          0.0851     0.8956    0.0345   0.0602          0.9985
ss_road                  0.1895        0.1892          0.0080     0.6329    0.0391   0.0699          1.2199
ss_sky                   0.1427        0.1425          0.0028     0.8495    0.0152   0.0307          1.0229
ss_terrain               0.0148        0.0140          0.0274     1.1027    0.0076   0.0173          0.5637
ss_traffic.light         0.0014        0.0013          0.0223     0.8406    0.0184   0.0542          0.5571
ss_traffic.sign          0.0032        0.0031          0.0183     0.9757    0.0131   0.0457          0.8173
ss_vegetation            0.1825        0.1814          0.0078     0.8381    0.0189   0.0403          1.0951
od_person_count          7.3038        7.2829          0.0024     0.7621    0.0150   0.0811          0.9540
od_bicycle_count         0.5449        0.5239          0.0123     0.9024    0.0018   0.0264          0.5306
od_vehicle_count        12.8587       13.3601         -0.0544     0.7959    0.0247   0.0764          1.1915
X0_9                     0.1167        0.1174         -0.0208     0.9992    0.0040   0.0113          1.0937
X10_19                   0.0938        0.0940         -0.0053     1.0198    0.0047   0.0202          1.0399
X20_29                   0.1937        0.1933          0.0050     1.0621    0.0100   0.0310          0.9969
X30_39                   0.2045        0.2042          0.0058     1.0162    0.0029   0.0120          1.0144
X40_49                   0.1399        0.1399          0.0001     1.0992    0.0037   0.0166          1.0753
X50_59                   0.1068        0.1066          0.0068     1.0035    0.0089   0.0218          1.0727
X60_69                   0.0709        0.0710         -0.0056     1.0419    0.0057   0.0166          1.0331
X70_79                   0.0451        0.0451          0.0010     0.9946    0.0040   0.0115          1.0170
X80_89                   0.0232        0.0231          0.0099     1.1734    0.0077   0.0228          0.9216
IMD_score               26.5406       26.4381          0.0083     1.0015    0.0065   0.0171          1.1180
housing_price_log       13.1276       13.1289         -0.0024     0.9435    0.0054   0.0155          1.0803
pop_den_log              7.9587        7.9798         -0.0235     0.9935    0.0103   0.0269          0.9721
poi_log                  3.5687        3.5626          0.0041     0.9683    0.0060   0.0236          0.8808
slope                    2.1868        2.1785          0.0080     1.1126    0.0084   0.0231          1.0516

Sample Sizes:
          Control Treated
All         16287    6978
Matched      6978    6978
Unmatched    9309       0
Discarded       0       0

