
Call:
matchit(formula = formula, data = all_var_scaled_binary_treatment, 
    method = "nearest", distance = "glm")

Summary of Balance for All Data:
                  Means Treated Means Control Std. Mean Diff. Var. Ratio eCDF Mean eCDF Max
distance                 0.7486        0.5864          1.1039     0.5038    0.2380   0.3639
year2008                 0.0774        0.1312         -0.2012          .    0.0538   0.0538
year2009                 0.0369        0.0428         -0.0314          .    0.0059   0.0059
year2010                 0.0006        0.0023         -0.0677          .    0.0017   0.0017
year2011                 0.0095        0.0133         -0.0392          .    0.0038   0.0038
year2012                 0.1010        0.1100         -0.0298          .    0.0090   0.0090
year2013                 0.0000        0.0001         -0.0218          .    0.0001   0.0001
year2014                 0.0979        0.1037         -0.0196          .    0.0058   0.0058
year2015                 0.1614        0.1408          0.0561          .    0.0206   0.0206
year2016                 0.1160        0.0944          0.0675          .    0.0216   0.0216
year2017                 0.1438        0.1132          0.0874          .    0.0307   0.0307
year2018                 0.1025        0.1073         -0.0158          .    0.0048   0.0048
year2019                 0.0914        0.0935         -0.0075          .    0.0022   0.0022
year2020                 0.0615        0.0473          0.0591          .    0.0142   0.0142
ss_building              0.2764        0.1877          0.5018     1.0428    0.1582   0.2307
ss_pole                  0.0119        0.0102          0.2514     1.1022    0.0767   0.1183
ss_road                  0.1953        0.2062         -0.2242     0.6225    0.0560   0.1185
ss_sky                   0.1537        0.1971         -0.5361     0.6186    0.1274   0.2131
ss_terrain               0.0216        0.0520         -0.8174     0.3591    0.1999   0.2627
ss_traffic.light         0.0011        0.0007          0.1119     1.3900    0.0396   0.0954
ss_traffic.sign          0.0032        0.0030          0.0489     0.7676    0.0430   0.1127
ss_vegetation            0.2009        0.2406         -0.2687     0.7156    0.0603   0.0907
od_person_count          6.4873        3.2411          0.3663     1.6834    0.0524   0.2767
od_bicycle_count         0.4444        0.1778          0.1728     2.3385    0.0092   0.1100
od_vehicle_count        12.8736       10.6866          0.2184     0.6983    0.0521   0.2312
X0_9                     0.1194        0.1260         -0.1790     1.0918    0.0489   0.0831
X10_19                   0.0972        0.1082         -0.3066     1.0571    0.0970   0.1543
X20_29                   0.1848        0.1589          0.3337     1.3337    0.1106   0.1813
X30_39                   0.1974        0.1741          0.4089     1.1169    0.1226   0.1878
X40_49                   0.1404        0.1422         -0.0773     1.1895    0.0240   0.0460
X50_59                   0.1088        0.1157         -0.2445     1.0376    0.0729   0.1147
X60_69                   0.0738        0.0828         -0.3293     0.9039    0.0926   0.1486
X70_79                   0.0475        0.0549         -0.3158     0.8476    0.0908   0.1433
X80_89                   0.0250        0.0302         -0.3150     0.8411    0.0939   0.1562
IMD_score               25.6992       23.1406          0.2057     0.9920    0.0611   0.1036
housing_price_log       13.0747       12.9263          0.2711     1.0838    0.0812   0.1308
pop_den_log              7.8607        7.3799          0.5147     0.6677    0.1381   0.1989
poi_log                  3.2507        2.2320          0.6348     0.9168    0.0579   0.2870
slope                    2.1973        2.3123         -0.1064     0.8385    0.0281   0.0559


Summary of Balance for Matched Data:
                  Means Treated Means Control Std. Mean Diff. Var. Ratio eCDF Mean eCDF Max Std. Pair Dist.
distance                 0.8687        0.5864          1.9212     0.0344    0.4975   0.8439          1.9212
year2008                 0.0170        0.1312         -0.4271          .    0.1142   0.1142          0.5311
year2009                 0.0284        0.0428         -0.0767          .    0.0145   0.0145          0.3624
year2010                 0.0000        0.0023         -0.0925          .    0.0023   0.0023          0.0925
year2011                 0.0062        0.0133         -0.0738          .    0.0072   0.0072          0.1977
year2012                 0.0927        0.1100         -0.0575          .    0.0173   0.0173          0.6070
year2013                 0.0000        0.0001         -0.0218          .    0.0001   0.0001          0.0218
year2014                 0.0934        0.1037         -0.0347          .    0.0103   0.0103          0.5968
year2015                 0.1728        0.1408          0.0868          .    0.0319   0.0319          0.7307
year2016                 0.1447        0.0944          0.1570          .    0.0503   0.0503          0.6634
year2017                 0.1728        0.1132          0.1698          .    0.0596   0.0596          0.7021
year2018                 0.1030        0.1073         -0.0142          .    0.0043   0.0043          0.6140
year2019                 0.0871        0.0935         -0.0224          .    0.0064   0.0064          0.5682
year2020                 0.0821        0.0473          0.1449          .    0.0348   0.0348          0.5075
ss_building              0.3632        0.1877          0.9927     0.8263    0.2997   0.4512          1.3157
ss_pole                  0.0143        0.0102          0.6018     1.4101    0.1701   0.2609          1.1365
ss_road                  0.1834        0.2062         -0.4712     0.5402    0.1125   0.1960          1.2872
ss_sky                   0.1157        0.1971         -1.0042     0.3023    0.2590   0.4115          1.3515
ss_terrain               0.0053        0.0520         -1.2547     0.0336    0.3597   0.4932          1.3257
ss_traffic.light         0.0017        0.0007          0.2482     2.1304    0.0783   0.1718          0.5525
ss_traffic.sign          0.0036        0.0030          0.1089     0.7593    0.0776   0.1760          0.7897
ss_vegetation            0.1576        0.2406         -0.5617     0.5365    0.1433   0.1859          1.1825
od_person_count         10.8391        3.2411          0.8574     2.5231    0.1225   0.4837          1.0919
od_bicycle_count         0.8354        0.1778          0.4261     4.7589    0.0226   0.2325          0.5844
od_vehicle_count        13.8146       10.6866          0.3124     0.5066    0.0780   0.3530          1.2188
X0_9                     0.1082        0.1260         -0.4796     1.1435    0.1382   0.2180          1.1545
X10_19                   0.0856        0.1082         -0.6283     0.9117    0.1940   0.3053          1.1526
X20_29                   0.2135        0.1589          0.7047     1.5067    0.2249   0.3723          1.1615
X30_39                   0.2193        0.1741          0.7957     1.0907    0.2337   0.3544          1.2210
X40_49                   0.1370        0.1422         -0.2190     1.3808    0.0657   0.1172          1.1152
X50_59                   0.1031        0.1157         -0.4477     1.0933    0.1342   0.2111          1.1662
X60_69                   0.0664        0.0828         -0.6028     0.7913    0.1719   0.2729          1.1931
X70_79                   0.0415        0.0549         -0.5699     0.7357    0.1694   0.2619          1.1620
X80_89                   0.0206        0.0302         -0.5810     0.6461    0.1768   0.2865          1.1093
IMD_score               28.1789       23.1406          0.4050     0.9275    0.1190   0.2004          1.1520
housing_price_log       13.2634       12.9263          0.6156     1.0480    0.1828   0.2919          1.1841
pop_den_log              8.1914        7.3799          0.8688     0.4690    0.2525   0.3892          1.3088
poi_log                  4.2908        2.2320          1.2831     0.4197    0.1446   0.5867          1.4385
slope                    2.1422        2.3123         -0.1574     0.5634    0.0334   0.1026          1.0575

Sample Sizes:
          Control Treated
All          6981   16284
Matched      6981    6981
Unmatched       0    9303
Discarded       0       0

