
Call:
matchit(formula = formula, data = all_var_scaled_binary_treatment, 
    method = "nearest", distance = "glm")

Summary of Balance for All Data:
                  Means Treated Means Control Std. Mean Diff. Var. Ratio eCDF Mean eCDF Max
distance                 0.4845        0.3436          0.8972     0.7692    0.2221   0.3289
year2008                 0.0637        0.1135         -0.2035          .    0.0497   0.0497
year2009                 0.0313        0.0436         -0.0709          .    0.0123   0.0123
year2010                 0.0004        0.0016         -0.0553          .    0.0011   0.0011
year2011                 0.0084        0.0122         -0.0416          .    0.0038   0.0038
year2012                 0.0987        0.1071         -0.0282          .    0.0084   0.0084
year2013                 0.0000        0.0001         -0.0109          .    0.0001   0.0001
year2014                 0.0994        0.0998         -0.0012          .    0.0004   0.0004
year2015                 0.1644        0.1491          0.0413          .    0.0153   0.0153
year2016                 0.1184        0.1036          0.0460          .    0.0149   0.0149
year2017                 0.1451        0.1276          0.0496          .    0.0175   0.0175
year2018                 0.1066        0.1021          0.0145          .    0.0045   0.0045
year2019                 0.0949        0.0901          0.0164          .    0.0048   0.0048
year2020                 0.0686        0.0496          0.0749          .    0.0189   0.0189
ss_building              0.3030        0.2143          0.5057     1.0042    0.1518   0.2218
ss_pole                  0.0125        0.0107          0.2586     1.1280    0.0791   0.1240
ss_road                  0.1915        0.2033         -0.2675     0.5960    0.0633   0.1285
ss_sky                   0.1462        0.1804         -0.4555     0.5992    0.1033   0.1749
ss_terrain               0.0161        0.0405         -0.8069     0.3016    0.1753   0.2324
ss_traffic.light         0.0013        0.0008          0.1267     1.6017    0.0433   0.0901
ss_traffic.sign          0.0032        0.0032         -0.0066     0.5172    0.0319   0.0916
ss_vegetation            0.1855        0.2310         -0.3309     0.6788    0.0744   0.1130
od_person_count          7.1831        4.4003          0.3118     1.2767    0.0450   0.2410
od_bicycle_count         0.5320        0.2527          0.1606     2.3902    0.0096   0.1050
od_vehicle_count        12.9448       11.7326          0.1292     0.6711    0.0422   0.1950
X0_9                     0.1173        0.1240         -0.1778     1.1188    0.0498   0.0828
X10_19                   0.0946        0.1044         -0.2743     1.0161    0.0873   0.1365
X20_29                   0.1920        0.1670          0.3111     1.3173    0.1028   0.1663
X30_39                   0.2029        0.1821          0.3644     1.0629    0.1070   0.1638
X40_49                   0.1402        0.1414         -0.0480     1.2736    0.0184   0.0378
X50_59                   0.1072        0.1133         -0.2133     1.0688    0.0633   0.0915
X60_69                   0.0714        0.0800         -0.3174     0.9116    0.0875   0.1354
X70_79                   0.0454        0.0526         -0.3154     0.8130    0.0866   0.1345
X80_89                   0.0235        0.0286         -0.3213     0.8138    0.0930   0.1506
IMD_score               26.3088       24.0136          0.1860     0.9677    0.0550   0.0994
housing_price_log       13.1107       12.9766          0.2477     0.9998    0.0750   0.1194
pop_den_log              7.9425        7.5658          0.4212     0.6885    0.1135   0.1727
poi_log                  3.4894        2.5822          0.5938     0.8089    0.0565   0.2581
slope                    2.1853        2.2629         -0.0730     0.8656    0.0194   0.0408


Summary of Balance for Matched Data:
                  Means Treated Means Control Std. Mean Diff. Var. Ratio eCDF Mean eCDF Max Std. Pair Dist.
distance                 0.4845        0.4352          0.3140     1.2144    0.0820   0.1799          0.3140
year2008                 0.0637        0.0804         -0.0682          .    0.0167   0.0167          0.5249
year2009                 0.0313        0.0376         -0.0364          .    0.0063   0.0063          0.3760
year2010                 0.0004        0.0008         -0.0156          .    0.0003   0.0003          0.0570
year2011                 0.0084        0.0096         -0.0130          .    0.0012   0.0012          0.1921
year2012                 0.0987        0.1041         -0.0184          .    0.0055   0.0055          0.6087
year2013                 0.0000        0.0000          0.0000          .    0.0000   0.0000          0.0000
year2014                 0.0994        0.0983          0.0036          .    0.0011   0.0011          0.5948
year2015                 0.1644        0.1648         -0.0009          .    0.0003   0.0003          0.7495
year2016                 0.1184        0.1135          0.0153          .    0.0049   0.0049          0.6406
year2017                 0.1451        0.1427          0.0067          .    0.0024   0.0024          0.6958
year2018                 0.1066        0.1017          0.0160          .    0.0049   0.0049          0.6018
year2019                 0.0949        0.0904          0.0154          .    0.0045   0.0045          0.5809
year2020                 0.0686        0.0561          0.0493          .    0.0125   0.0125          0.4585
ss_building              0.3030        0.2721          0.1758     1.0048    0.0499   0.0864          0.9466
ss_pole                  0.0125        0.0114          0.1606     0.9650    0.0532   0.0863          0.9962
ss_road                  0.1915        0.1969         -0.1211     0.6166    0.0459   0.0892          1.2479
ss_sky                   0.1462        0.1573         -0.1488     0.7636    0.0378   0.0702          1.0683
ss_terrain               0.0161        0.0181         -0.0682     0.9909    0.0333   0.0705          0.6222
ss_traffic.light         0.0013        0.0010          0.0706     1.1499    0.0260   0.0591          0.4970
ss_traffic.sign          0.0032        0.0031          0.0050     0.7013    0.0216   0.0656          0.8602
ss_vegetation            0.1855        0.1997         -0.1033     0.7819    0.0197   0.0425          1.1203
od_person_count          7.1831        5.9632          0.1367     0.9742    0.0211   0.1281          0.8578
od_bicycle_count         0.5320        0.3580          0.1000     1.6529    0.0059   0.0634          0.4347
od_vehicle_count        12.9448       13.2430         -0.0318     0.7242    0.0310   0.1071          1.2137
X0_9                     0.1173        0.1216         -0.1129     1.0296    0.0324   0.0618          1.0793
X10_19                   0.0946        0.0983         -0.1047     0.9887    0.0341   0.0610          1.0299
X20_29                   0.1920        0.1823          0.1209     1.1504    0.0366   0.0673          0.9563
X30_39                   0.2029        0.1961          0.1181     1.1271    0.0305   0.0540          0.9860
X40_49                   0.1402        0.1410         -0.0323     1.1389    0.0100   0.0239          1.0626
X50_59                   0.1072        0.1088         -0.0563     1.0700    0.0144   0.0274          1.0656
X60_69                   0.0714        0.0739         -0.0905     1.0571    0.0253   0.0441          1.0345
X70_79                   0.0454        0.0473         -0.0835     0.9727    0.0240   0.0425          1.0275
X80_89                   0.0235        0.0248         -0.0842     1.0583    0.0301   0.0595          0.9534
IMD_score               26.3088       25.6636          0.0523     0.9857    0.0160   0.0407          1.1184
housing_price_log       13.1107       13.0512          0.1099     0.9369    0.0359   0.0624          1.0803
pop_den_log              7.9425        7.8713          0.0796     0.9673    0.0260   0.0540          0.9858
poi_log                  3.4894        3.1925          0.1943     0.9470    0.0225   0.1041          0.8991
slope                    2.1853        2.1911         -0.0055     1.0510    0.0069   0.0182          1.0524

Sample Sizes:
          Control Treated
All         13961    9304
Matched      9304    9304
Unmatched    4657       0
Discarded       0       0

