
Call:
matchit(formula = formula, data = data, method = "nearest", distance = "glm")

Summary of Balance for All Data:
                         Means Treated Means Control Std. Mean Diff. Var. Ratio eCDF Mean eCDF Max
distance                        0.2835        0.1406          0.8625     1.8036    0.2745   0.4149
year2010                        0.0005        0.0011         -0.0257          .    0.0006   0.0006
year2011                        0.0098        0.0349         -0.2534          .    0.0250   0.0250
year2012                        0.0994        0.1437         -0.1479          .    0.0443   0.0443
year2013                        0.0000        0.0014         -0.0417          .    0.0014   0.0014
year2014                        0.0965        0.1434         -0.1589          .    0.0469   0.0469
year2015                        0.0994        0.1472         -0.1599          .    0.0478   0.0478
year2016                        0.0684        0.1417         -0.2905          .    0.0733   0.0733
year2017                        0.1063        0.1335         -0.0884          .    0.0272   0.0272
year2018                        0.2554        0.1114          0.3302          .    0.1440   0.1440
year2019                        0.2643        0.1416          0.2781          .    0.1226   0.1226
age_0_19                       21.2559       21.7156         -0.0780     1.0006    0.0293   0.0694
age_20_39                      39.0444       37.8850          0.1061     0.8659    0.0372   0.0758
age_40_59                      25.1106       24.9596          0.0354     0.9471    0.0090   0.0296
IMD_score                      23.5510       22.8081          0.0676     0.9797    0.0203   0.0450
lu_residential_community        5.8984        5.5600          0.0421     1.0916    0.0225   0.0402
lu_commerce_developed          30.4707       28.6459          0.1488     0.7708    0.0673   0.1128
ss_visual_complexity           38.6281       38.2958          0.1239     0.3654    0.0311   0.0679
slope                          15.4826       15.6579         -0.0302     0.9008    0.0062   0.0228
ss_construction                14.5973       12.7924          0.2138     0.4926    0.1194   0.2133
ss_road_flat                   29.0902       28.3085          0.1602     0.6417    0.0411   0.0961
ss_marking                      1.6590        1.7375         -0.0866     0.6402    0.0309   0.0629
ss_nature                       0.6292        1.0780         -0.4113     0.2817    0.0760   0.1266
ss_street_object                0.4775        0.4549          0.0864     0.6764    0.0367   0.0656
od_person_count                 0.6801        0.5965          0.1506     0.7947    0.0538   0.1330
od_bicycle_count                0.0540        0.0439          0.1254     0.6605    0.0504   0.1705
od_vehicle_count                5.8846        4.9534          0.5109     0.8334    0.1362   0.2067
od_animal_count                 0.0022        0.0013          0.0883     0.9258    0.0190   0.0407
pop_den_log                     9.1749        8.7580          0.6135     0.5116    0.1383   0.1982
housing_price_log              13.2186       13.0960          0.2300     1.0503    0.0688   0.1144
poi_log                         3.8351        3.3584          0.3893     0.7159    0.0334   0.1663

Summary of Balance for Matched Data:
                         Means Treated Means Control Std. Mean Diff. Var. Ratio eCDF Mean eCDF Max Std. Pair Dist.
distance                        0.2835        0.2796          0.0235     1.0708    0.0013   0.0261          0.0237
year2010                        0.0005        0.0010         -0.0222          .    0.0005   0.0005          0.0666
year2011                        0.0098        0.0084          0.0150          .    0.0015   0.0015          0.1745
year2012                        0.0994        0.1004         -0.0033          .    0.0010   0.0010          0.5428
year2013                        0.0000        0.0000          0.0000          .    0.0000   0.0000          0.0000
year2014                        0.0965        0.1038         -0.0250          .    0.0074   0.0074          0.6018
year2015                        0.0994        0.0965          0.0099          .    0.0030   0.0030          0.5822
year2016                        0.0684        0.0699         -0.0058          .    0.0015   0.0015          0.4737
year2017                        0.1063        0.1083         -0.0064          .    0.0020   0.0020          0.5940
year2018                        0.2554        0.2534          0.0045          .    0.0020   0.0020          0.7267
year2019                        0.2643        0.2584          0.0134          .    0.0059   0.0059          0.7857
age_0_19                       21.2559       21.2624         -0.0011     1.0326    0.0139   0.0310          1.1022
age_20_39                      39.0444       38.9743          0.0064     0.9260    0.0130   0.0354          1.1453
age_40_59                      25.1106       25.1375         -0.0063     0.9044    0.0082   0.0231          1.1253
IMD_score                      23.5510       23.6753         -0.0113     1.0843    0.0152   0.0497          1.1070
lu_residential_community        5.8984        5.8764          0.0027     1.1223    0.0096   0.0349          0.8443
lu_commerce_developed          30.4707       30.2316          0.0195     0.9411    0.0205   0.0581          1.1280
ss_visual_complexity           38.6281       38.6927         -0.0241     0.7635    0.0209   0.0423          1.0756
slope                          15.4826       15.4573          0.0043     1.0707    0.0063   0.0212          1.0999
ss_construction                14.5973       14.5367          0.0072     0.7853    0.0278   0.0714          1.0456
ss_road_flat                   29.0902       29.0962         -0.0012     0.8284    0.0097   0.0285          1.0715
ss_marking                      1.6590        1.6436          0.0171     0.7600    0.0241   0.0527          1.1345
ss_nature                       0.6292        0.6502         -0.0193     0.5923    0.0258   0.0615          0.7849
ss_street_object                0.4775        0.4792         -0.0068     0.8815    0.0170   0.0354          1.0696
od_person_count                 0.6801        0.6847         -0.0084     0.7418    0.0162   0.0433          1.0167
od_bicycle_count                0.0540        0.0526          0.0173     0.6688    0.0236   0.1068          0.9330
od_vehicle_count                5.8846        5.8684          0.0089     0.6777    0.0309   0.0635          1.1526
od_animal_count                 0.0022        0.0022         -0.0056     0.5672    0.0074   0.0202          0.4492
pop_den_log                     9.1749        9.1567          0.0267     1.0144    0.0083   0.0266          0.9763
housing_price_log              13.2186       13.2169          0.0032     1.0009    0.0079   0.0256          1.0656
poi_log                         3.8351        3.8496         -0.0118     0.9529    0.0085   0.0433          1.1122

Sample Sizes:
          Control Treated
All         10357    2032
Matched      2032    2032
Unmatched    8325       0
Discarded       0       0

