
Call:
matchit(formula = formula, data = data, method = "nearest", distance = "glm")

Summary of Balance for All Data:
                         Means Treated Means Control Std. Mean Diff. Var. Ratio eCDF Mean eCDF Max
distance                        0.7279        0.5823          0.9510     0.7736    0.2343   0.3551
year2010                        0.0006        0.0018         -0.0486          .    0.0012   0.0012
year2011                        0.0277        0.0373         -0.0582          .    0.0096   0.0096
year2012                        0.1300        0.1501         -0.0596          .    0.0200   0.0200
year2013                        0.0012        0.0013         -0.0024          .    0.0001   0.0001
year2014                        0.1272        0.1539         -0.0801          .    0.0267   0.0267
year2015                        0.1390        0.1402         -0.0033          .    0.0011   0.0011
year2016                        0.1158        0.1594         -0.1363          .    0.0436   0.0436
year2017                        0.1223        0.1435         -0.0645          .    0.0211   0.0211
year2018                        0.1573        0.0875          0.1918          .    0.0698   0.0698
year2019                        0.1788        0.1252          0.1399          .    0.0536   0.0536
age_0_19                       21.1114       22.7721         -0.2787     1.1401    0.0847   0.1415
age_20_39                      39.3033       35.4465          0.3310     1.0986    0.1048   0.1672
age_40_59                      24.7827       25.4160         -0.1420     1.1791    0.0466   0.0833
IMD_score                      23.3620       22.0052          0.1230     0.9840    0.0366   0.0636
lu_residential_community        5.7481        5.3317          0.0531     1.0870    0.0312   0.0665
lu_commerce_developed          30.5871       25.4308          0.3764     1.0968    0.1266   0.1821
ss_visual_complexity           38.3718       38.3042          0.0163     0.9262    0.0082   0.0288
slope                          15.6345       15.6177          0.0029     0.8087    0.0185   0.0434
ss_construction                14.5173       10.0300          0.3808     1.2988    0.1604   0.2441
ss_road_flat                   28.0855       29.1885         -0.1882     0.9623    0.0586   0.1000
ss_marking                      1.8032        1.5565          0.2359     0.7755    0.0842   0.1309
ss_nature                       0.9475        1.1262         -0.1012     0.6117    0.0216   0.0668
ss_street_object                0.5067        0.3557          0.5265     0.7614    0.1949   0.2941
od_person_count                 0.6812        0.4584          0.3449     1.6610    0.1069   0.1836
od_bicycle_count                0.0531        0.0296          0.2426     1.0881    0.0883   0.2672
od_vehicle_count                4.9947        5.3447         -0.1995     0.5234    0.0569   0.1140
od_animal_count                 0.0016        0.0012          0.0372     0.6712    0.0116   0.0275
pop_den_log                     8.9244        8.6165          0.3542     0.7548    0.1004   0.1494
housing_price_log              13.1623       13.0174          0.2726     1.1595    0.0810   0.1215
poi_log                         3.6890        2.8964          0.5758     1.0049    0.0752   0.2449

Summary of Balance for Matched Data:
                         Means Treated Means Control Std. Mean Diff. Var. Ratio eCDF Mean eCDF Max Std. Pair Dist.
distance                        0.8580        0.5823          1.8005     0.1298    0.4781   0.8198          1.8005
year2010                        0.0003        0.0018         -0.0625          .    0.0015   0.0015          0.0834
year2011                        0.0261        0.0373         -0.0679          .    0.0112   0.0112          0.3830
year2012                        0.0953        0.1501         -0.1628          .    0.0548   0.0548          0.6421
year2013                        0.0010        0.0013         -0.0074          .    0.0003   0.0003          0.0663
year2014                        0.0900        0.1539         -0.1917          .    0.0639   0.0639          0.6482
year2015                        0.1425        0.1402          0.0066          .    0.0023   0.0023          0.6997
year2016                        0.0695        0.1594         -0.2812          .    0.0900   0.0900          0.6218
year2017                        0.0971        0.1435         -0.1416          .    0.0464   0.0464          0.6413
year2018                        0.2403        0.0875          0.4199          .    0.1529   0.1529          0.7652
year2019                        0.2380        0.1252          0.2944          .    0.1128   0.1128          0.7918
age_0_19                       19.0529       22.7721         -0.6242     1.1042    0.1856   0.3024          1.1745
age_20_39                      43.4311       35.4465          0.6852     1.0227    0.2109   0.3313          1.2127
age_40_59                      24.1348       25.4160         -0.2872     1.4063    0.0939   0.1683          1.1270
IMD_score                      24.5299       22.0052          0.2288     0.8267    0.0727   0.1308          1.0926
lu_residential_community        5.9883        5.3317          0.0837     0.8888    0.0720   0.1498          0.8038
lu_commerce_developed          36.9564       25.4308          0.8414     1.0170    0.2671   0.3871          1.2446
ss_visual_complexity           38.0555       38.3042         -0.0600     0.9949    0.0324   0.0717          0.9404
slope                          15.8080       15.6177          0.0326     0.5864    0.0497   0.0887          1.0816
ss_construction                19.8579       10.0300          0.8340     1.3230    0.3394   0.5359          1.0644
ss_road_flat                   27.0581       29.1885         -0.3636     1.2498    0.1032   0.1992          1.1211
ss_marking                      2.0389        1.5565          0.4612     0.8959    0.1486   0.2101          1.2138
ss_nature                       0.7302        1.1262         -0.2242     0.6754    0.0699   0.1057          0.7736
ss_street_object                0.6635        0.3557          1.0730     0.9928    0.3592   0.5161          1.1626
od_person_count                 0.9521        0.4584          0.7643     2.3244    0.2285   0.3825          1.0700
od_bicycle_count                0.0820        0.0296          0.5419     1.6487    0.1796   0.4510          0.8950
od_vehicle_count                4.5604        5.3447         -0.4471     0.3817    0.1117   0.2066          1.3054
od_animal_count                 0.0021        0.0012          0.1000     0.8059    0.0228   0.0530          0.3718
pop_den_log                     9.1665        8.6165          0.6328     0.5137    0.1870   0.2849          1.1575
housing_price_log              13.3449       13.0174          0.6162     1.1630    0.1793   0.2669          1.1566
poi_log                         4.5267        2.8964          1.1843     0.5404    0.1725   0.5133          1.3538

Sample Sizes:
          Control Treated
All          3945    8444
Matched      3945    3945
Unmatched       0    4499
Discarded       0       0

