
Call:
matchit(formula = formula, data = all_var_scaled_binary_treatment, 
    method = "nearest", distance = "glm")

Summary of Balance for All Data:
             Means Treated Means Control Std. Mean Diff. Var. Ratio eCDF Mean eCDF Max
distance            0.6118        0.3829          1.1798     0.7482    0.2753   0.4189
year2008            0.1186        0.0922          0.0815          .    0.0264   0.0264
year2009            0.0489        0.0385          0.0484          .    0.0104   0.0104
year2010            0.0027        0.0004          0.0449          .    0.0023   0.0023
year2011            0.0170        0.0084          0.0671          .    0.0087   0.0087
year2012            0.1136        0.1004          0.0417          .    0.0132   0.0132
year2013            0.0000        0.0001         -0.0138          .    0.0001   0.0001
year2014            0.1034        0.1011          0.0077          .    0.0023   0.0023
year2015            0.1181        0.1299         -0.0364          .    0.0118   0.0118
year2016            0.0952        0.1025         -0.0251          .    0.0074   0.0074
year2017            0.1003        0.1251         -0.0824          .    0.0248   0.0248
year2018            0.1120        0.1132         -0.0038          .    0.0012   0.0012
year2019            0.1031        0.1137         -0.0349          .    0.0106   0.0106
year2020            0.0669        0.0746         -0.0306          .    0.0076   0.0076
X0_9                0.1337        0.1121          0.6445     0.7967    0.1703   0.2672
X10_19              0.1104        0.0932          0.5265     0.7453    0.1546   0.2585
X20_29              0.1616        0.1957         -0.5297     0.5836    0.1273   0.2444
X30_39              0.1787        0.2019         -0.4215     0.8984    0.1296   0.2126
X40_49              0.1405        0.1392          0.0593     0.7081    0.0269   0.0504
X50_59              0.1114        0.1073          0.1466     0.8664    0.0532   0.0986
X60_69              0.0775        0.0734          0.1474     0.9661    0.0484   0.0903
X70_79              0.0517        0.0468          0.1982     0.9448    0.0689   0.1150
X80_89              0.0282        0.0246          0.2082     1.1056    0.0702   0.1157
X90                 0.0063        0.0058          0.0800     1.1116    0.0309   0.0512
all_ages_log        7.3940        7.3803          0.0292     0.8197    0.0271   0.0671
IMD_score          25.6811       25.4861          0.0148     1.1139    0.0124   0.0403
poi_log             2.1312        3.5401         -0.9995     0.7461    0.1178   0.3980
slope               2.1097        2.3219         -0.1880     1.1038    0.0671   0.1071


Summary of Balance for Matched Data:
             Means Treated Means Control Std. Mean Diff. Var. Ratio eCDF Mean eCDF Max Std. Pair Dist.
distance            0.6118        0.3875          1.1562     0.7616    0.2706   0.4139          1.1562
year2008            0.1186        0.0935          0.0776          .    0.0251   0.0251          0.5910
year2009            0.0489        0.0390          0.0460          .    0.0099   0.0099          0.3887
year2010            0.0027        0.0004          0.0448          .    0.0023   0.0023          0.0597
year2011            0.0170        0.0085          0.0662          .    0.0086   0.0086          0.1925
year2012            0.1136        0.1006          0.0411          .    0.0130   0.0130          0.5990
year2013            0.0000        0.0000          0.0000          .    0.0000   0.0000          0.0000
year2014            0.1034        0.1012          0.0073          .    0.0022   0.0022          0.5927
year2015            0.1181        0.1295         -0.0353          .    0.0114   0.0114          0.6695
year2016            0.0952        0.1022         -0.0239          .    0.0070   0.0070          0.6075
year2017            0.1003        0.1236         -0.0774          .    0.0233   0.0233          0.6662
year2018            0.1120        0.1133         -0.0040          .    0.0013   0.0013          0.6365
year2019            0.1031        0.1137         -0.0349          .    0.0106   0.0106          0.6344
year2020            0.0669        0.0746         -0.0308          .    0.0077   0.0077          0.5252
X0_9                0.1337        0.1130          0.6192     0.8187    0.1656   0.2617          1.1076
X10_19              0.1104        0.0938          0.5074     0.7531    0.1504   0.2525          1.1411
X20_29              0.1616        0.1954         -0.5256     0.5837    0.1261   0.2413          1.2097
X30_39              0.1787        0.2018         -0.4197     0.8918    0.1286   0.2115          1.1345
X40_49              0.1405        0.1389          0.0741     0.7170    0.0276   0.0526          1.1915
X50_59              0.1114        0.1069          0.1631     0.8892    0.0561   0.1023          1.1695
X60_69              0.0775        0.0732          0.1566     0.9680    0.0515   0.0943          1.1387
X70_79              0.0517        0.0467          0.2032     0.9436    0.0708   0.1193          1.0967
X80_89              0.0282        0.0246          0.2062     1.0969    0.0699   0.1163          1.0207
X90                 0.0063        0.0058          0.0789     1.1017    0.0311   0.0525          0.8523
all_ages_log        7.3940        7.3823          0.0248     0.8207    0.0271   0.0696          0.8984
IMD_score          25.6811       25.5619          0.0091     1.1085    0.0121   0.0395          1.1104
poi_log             2.1312        3.5042         -0.9740     0.7635    0.1089   0.3924          1.0989
slope               2.1097        2.3106         -0.1780     1.1031    0.0637   0.1020          1.0354

Sample Sizes:
          Control Treated
All         10418   10278
Matched     10278   10278
Unmatched     140       0
Discarded       0       0

