all_var 

 18  Variables      5673  Observations
----------------------------------------------------------------------------------------------------------------------------------------------------------------
count 
       n  missing distinct     Info     Mean      Gmd      .05      .10      .25      .50      .75      .90      .95 
    5673        0     4136        1    45.18    61.32   0.6458   1.6875   5.5208  16.8125  47.2188 110.3028 189.1437 

lowest : 0         0.0104167 0.02      0.0208333 0.03125  , highest: 1024.88   1046.54   1432.62   1487.27   1781.39  
----------------------------------------------------------------------------------------------------------------------------------------------------------------
year 
       n  missing distinct     Info     Mean      Gmd      .05      .10      .25      .50      .75      .90      .95 
    5673        0       16    0.984     2015    4.867     2009     2009     2011     2017     2019     2021     2021 
                                                                                                                                          
Value      2008.00 2008.90 2009.95 2011.00 2011.90 2012.95 2014.00 2014.90 2015.95 2017.00 2017.90 2018.95 2020.00 2020.90 2021.95 2023.00
Frequency      194    1015     178      67     151     210     112     474     330     350     969     842      98     460     202      21
Proportion   0.034   0.179   0.031   0.012   0.027   0.037   0.020   0.084   0.058   0.062   0.171   0.148   0.017   0.081   0.036   0.004

For the frequency table, variable is rounded to the nearest 0.15
----------------------------------------------------------------------------------------------------------------------------------------------------------------
slope 
       n  missing distinct     Info     Mean      Gmd      .05      .10      .25      .50      .75      .90      .95 
    5673        0     2536        1    13.67     10.9    3.067    3.961    6.476   10.492   16.700   27.652   38.256 

lowest : 0         0.0915598 0.260718  0.26217   0.344908 , highest: 68.0813   70.2049   70.9824   72.7032   73.337   
----------------------------------------------------------------------------------------------------------------------------------------------------------------
age_0_19 
       n  missing distinct     Info     Mean      Gmd      .05      .10      .25      .50      .75      .90      .95 
    5621       52     2447        1    18.15    7.903    7.629    9.070   12.374   18.597   23.520   27.416   29.028 

lowest : 1.8018  2.7027  2.92969 2.94695 2.96443, highest: 39.8198 41.0526 41.3043 44.2623 47.2637
----------------------------------------------------------------------------------------------------------------------------------------------------------------
age_20_39 
       n  missing distinct     Info     Mean      Gmd      .05      .10      .25      .50      .75      .90      .95 
    5621       52     2482        1    33.53    13.22    18.08    20.90    24.83    30.09    41.60    51.55    54.74 

lowest : 3.18021 5.32095 5.51471 5.52486 5.53506, highest: 72.1649 73.6045 73.9583 78.096  82.3308
----------------------------------------------------------------------------------------------------------------------------------------------------------------
age_40_59 
       n  missing distinct     Info     Mean      Gmd      .05      .10      .25      .50      .75      .90      .95 
    5621       52     2410        1    25.87    5.606    15.84    17.92    23.41    26.55    29.13    31.54    33.59 

lowest : 8.33333 8.83392 10.3093 10.4369 10.5769, highest: 41.652  42.6124 42.6802 43.1034 44.6985
----------------------------------------------------------------------------------------------------------------------------------------------------------------
age_60_90 
       n  missing distinct     Info     Mean      Gmd      .05      .10      .25      .50      .75      .90      .95 
    5621       52     2460        1    21.26    9.688    9.434   11.026   15.627   20.192   24.652   30.451   38.288 

lowest : 2.48756 2.63158 3.40557 4       4.19847, highest: 79.1513 79.3738 79.5956 80.2365 83.0389
----------------------------------------------------------------------------------------------------------------------------------------------------------------
lu_commerce_developped 
       n  missing distinct     Info     Mean      Gmd      .05      .10      .25      .50      .75      .90      .95 
    5673        0      361    0.975    21.55    31.33    0.000    0.000    0.000    5.719   11.732  100.000  100.000 

lowest : 0         0.0374573 0.0510119 0.103424  0.148296 , highest: 97.6817   98.7416   99.4469   99.7753   100      
----------------------------------------------------------------------------------------------------------------------------------------------------------------
lu_others 
       n  missing distinct     Info     Mean      Gmd      .05      .10      .25      .50      .75      .90      .95 
    5673        0      294    0.688    1.051    1.907   0.0000   0.0000   0.0000   0.0000   0.4304   2.3038   4.4792 

lowest : 0           0.000815786 0.00237947  0.00347592  0.00350965 , highest: 30.7743     52.3599     54.5781     54.7067     100        
----------------------------------------------------------------------------------------------------------------------------------------------------------------
lu_residential_community 
       n  missing distinct     Info     Mean      Gmd      .05      .10      .25      .50      .75      .90      .95 
    5673        0      465    0.993     77.4     31.9     0.00     0.00    85.68    92.96    98.94   100.00   100.00 

lowest : 0        0.763618 2.31831  3.66198  4.68705 , highest: 99.9936  99.9965  99.9965  99.9992  100     
----------------------------------------------------------------------------------------------------------------------------------------------------------------
od_person_count 
       n  missing distinct     Info     Mean      Gmd      .05      .10      .25      .50      .75      .90      .95 
    2075     3598      594    0.997    0.314   0.3413   0.0000   0.0000   0.0800   0.2000   0.4286   0.7273   1.0000 

lowest : 0         0.0106383 0.010989  0.012987  0.0153846, highest: 2.53333   2.875     3.42105   4.11905   6        
----------------------------------------------------------------------------------------------------------------------------------------------------------------
od_bicycle_count 
       n  missing distinct     Info     Mean      Gmd      .05      .10      .25      .50      .75      .90      .95 
    2075     3598      266    0.665  0.04146  0.07096  0.00000  0.00000  0.00000  0.00000  0.03448  0.12500  0.20472 

lowest : 0          0.00990099 0.0106383  0.0123457  0.0131579 , highest: 1.14286    1.22222    1.25       1.5        3         
----------------------------------------------------------------------------------------------------------------------------------------------------------------
od_vehicle_count 
       n  missing distinct     Info     Mean      Gmd      .05      .10      .25      .50      .75      .90      .95 
    2075     3598     1469        1    5.588    2.146    2.365    3.013    4.333    5.643    6.930    7.938    8.560 

lowest : 0        0.047619 0.142857 0.230769 0.5     , highest: 10.9     11       11       11.6     14      
----------------------------------------------------------------------------------------------------------------------------------------------------------------
od_animal_count 
       n  missing distinct     Info     Mean      Gmd      .05      .10      .25      .50      .75      .90      .95 
    2075     3598       40    0.084 0.001035  0.00203        0        0        0        0        0        0        0 

lowest : 0          0.005      0.00653595 0.00909091 0.0106383 , highest: 0.0555556  0.0625     0.0666667  0.0810811  0.166667  
----------------------------------------------------------------------------------------------------------------------------------------------------------------
poi_log 
       n  missing distinct     Info     Mean      Gmd      .05      .10      .25      .50      .75      .90      .95 
    5673        0      233    0.988    2.236    1.947   0.0000   0.0000   0.6931   2.1972   3.5835   4.6347   5.0395 

lowest : 0        0.693147 1.09861  1.38629  1.60944 , highest: 5.89164  5.90808  5.95324  6.01127  6.04737 
----------------------------------------------------------------------------------------------------------------------------------------------------------------
pop_den_log 
       n  missing distinct     Info     Mean      Gmd      .05      .10      .25      .50      .75      .90      .95 
    5673        0     2573        1    8.359     1.35    5.701    6.462    7.971    8.769    9.196    9.569    9.764 

lowest : 0       3.48002 3.53981 3.98846 4.10852, highest: 10.7518 11.4899 11.5037 11.7381 11.7545
----------------------------------------------------------------------------------------------------------------------------------------------------------------
average_income_log 
       n  missing distinct     Info     Mean      Gmd      .05      .10      .25      .50      .75      .90      .95 
    5673        0     1924        1    10.19   0.5359    9.802    9.915   10.073   10.259   10.518   10.730   10.759 

lowest : 0       7.96922 8.19693 8.37457 8.58496, highest: 11.2532 11.5504 11.5692 11.5739 11.5828
----------------------------------------------------------------------------------------------------------------------------------------------------------------
housing_price_log 
       n  missing distinct     Info     Mean      Gmd      .05      .10      .25      .50      .75      .90      .95 
    5673        0     1291    0.991    17.99    1.098    16.61    16.62    17.07    18.30    18.88    19.24    19.24 

lowest : 14.6079 15.6602 15.811  15.811  15.8122, highest: 19.1978 19.2388 19.408  19.5615 19.7734
----------------------------------------------------------------------------------------------------------------------------------------------------------------
