
Call:
matchit(formula = formula, data = all_var_scaled_binary_treatment, 
    method = "nearest", distance = "glm")

Summary of Balance for All Data:
             Means Treated Means Control Std. Mean Diff. Var. Ratio eCDF Mean eCDF Max
distance            0.5475        0.4590          0.6032     1.1350    0.1694   0.2569
year2008            0.1131        0.0974          0.0496          .    0.0157   0.0157
year2009            0.0427        0.0447         -0.0098          .    0.0020   0.0020
year2010            0.0017        0.0014          0.0088          .    0.0004   0.0004
year2011            0.0129        0.0125          0.0035          .    0.0004   0.0004
year2012            0.1096        0.1043          0.0168          .    0.0052   0.0052
year2013            0.0001        0.0000          0.0098          .    0.0001   0.0001
year2014            0.1056        0.0988          0.0223          .    0.0068   0.0068
year2015            0.1181        0.1300         -0.0369          .    0.0119   0.0119
year2016            0.0971        0.1006         -0.0120          .    0.0035   0.0035
year2017            0.1096        0.1160         -0.0206          .    0.0064   0.0064
year2018            0.1048        0.1205         -0.0513          .    0.0157   0.0157
year2019            0.1127        0.1041          0.0272          .    0.0086   0.0086
year2020            0.0720        0.0696          0.0092          .    0.0024   0.0024
X0_9                0.1258        0.1198          0.1754     0.7375    0.0371   0.1013
X10_19              0.1053        0.0982          0.1920     1.0659    0.0554   0.0931
X20_29              0.1620        0.1957         -0.4883     0.7339    0.1401   0.1992
X30_39              0.1807        0.2002         -0.3438     1.0101    0.0996   0.1442
X40_49              0.1414        0.1382          0.1417     0.8627    0.0397   0.0639
X50_59              0.1133        0.1053          0.2826     0.9794    0.0805   0.1147
X60_69              0.0806        0.0702          0.3583     1.1995    0.1021   0.1420
X70_79              0.0542        0.0442          0.3813     1.4125    0.1163   0.1703
X80_89              0.0297        0.0230          0.3642     1.5340    0.1151   0.1755
X90                 0.0070        0.0051          0.2603     1.6891    0.0986   0.1578
all_ages_log        7.3690        7.4054         -0.0754     0.9115    0.0395   0.1061
IMD_score          23.7215       27.4712         -0.2907     1.0799    0.0887   0.1477
poi_log             2.4665        3.2197         -0.4777     0.8626    0.0709   0.1936
slope               2.2884        2.1436          0.1194     1.5195    0.0201   0.0508


Summary of Balance for Matched Data:
             Means Treated Means Control Std. Mean Diff. Var. Ratio eCDF Mean eCDF Max Std. Pair Dist.
distance            0.5520        0.4590          0.6340     1.0751    0.1774   0.2653          0.6340
year2008            0.1143        0.0974          0.0532          .    0.0168   0.0168          0.5817
year2009            0.0430        0.0447         -0.0082          .    0.0017   0.0017          0.4174
year2010            0.0018        0.0014          0.0094          .    0.0004   0.0004          0.0750
year2011            0.0129        0.0125          0.0043          .    0.0005   0.0005          0.2238
year2012            0.1101        0.1043          0.0184          .    0.0057   0.0057          0.6111
year2013            0.0001        0.0000          0.0099          .    0.0001   0.0001          0.0099
year2014            0.1065        0.0988          0.0250          .    0.0077   0.0077          0.5988
year2015            0.1177        0.1300         -0.0383          .    0.0124   0.0124          0.6692
year2016            0.0972        0.1006         -0.0115          .    0.0034   0.0034          0.5901
year2017            0.1099        0.1160         -0.0196          .    0.0061   0.0061          0.6534
year2018            0.1019        0.1205         -0.0607          .    0.0186   0.0186          0.6423
year2019            0.1132        0.1041          0.0286          .    0.0091   0.0091          0.6189
year2020            0.0714        0.0696          0.0072          .    0.0018   0.0018          0.5066
X0_9                0.1264        0.1198          0.1924     0.7232    0.0413   0.1074          1.1357
X10_19              0.1055        0.0982          0.1996     1.0581    0.0578   0.0969          1.0197
X20_29              0.1595        0.1957         -0.5237     0.6663    0.1470   0.2065          0.8509
X30_39              0.1801        0.2002         -0.3534     1.0049    0.1025   0.1489          0.9573
X40_49              0.1418        0.1382          0.1598     0.8349    0.0438   0.0694          1.0929
X50_59              0.1138        0.1053          0.2977     0.9631    0.0846   0.1201          1.0391
X60_69              0.0811        0.0702          0.3753     1.1864    0.1073   0.1490          0.9028
X70_79              0.0547        0.0442          0.3985     1.4002    0.1221   0.1773          0.8020
X80_89              0.0300        0.0230          0.3794     1.5290    0.1207   0.1821          0.7715
X90                 0.0071        0.0051          0.2695     1.7009    0.1028   0.1643          0.6936
all_ages_log        7.3674        7.4054         -0.0787     0.8964    0.0413   0.1096          0.8670
IMD_score          23.5440       27.4712         -0.3044     1.0682    0.0925   0.1541          1.0050
poi_log             2.4323        3.2197         -0.4994     0.8444    0.0738   0.2022          0.8810
slope               2.2976        2.1436          0.1270     1.5290    0.0224   0.0532          0.9743

Sample Sizes:
          Control Treated
All         10274   10422
Matched     10274   10274
Unmatched       0     148
Discarded       0       0

