
Call:
matchit(formula = formula, data = all_var_scaled_binary_treatment, 
    method = "nearest", distance = "glm")

Summary of Balance for All Data:
                          Means Treated Means Control Std. Mean Diff. Var. Ratio eCDF Mean eCDF Max
distance                         0.4798        0.3467          0.7311     1.3812    0.2156   0.3157
year2008                         0.0882        0.0971         -0.0313          .    0.0089   0.0089
year2009                         0.0430        0.0358          0.0354          .    0.0072   0.0072
year2010                         0.0010        0.0012         -0.0081          .    0.0003   0.0003
year2011                         0.0075        0.0127         -0.0605          .    0.0052   0.0052
year2012                         0.1046        0.1031          0.0047          .    0.0014   0.0014
year2013                         0.0001        0.0000          0.0104          .    0.0001   0.0001
year2014                         0.1003        0.0992          0.0036          .    0.0011   0.0011
year2015                         0.1620        0.1508          0.0304          .    0.0112   0.0112
year2016                         0.0976        0.1175         -0.0670          .    0.0199   0.0199
year2017                         0.1368        0.1332          0.0107          .    0.0037   0.0037
year2018                         0.1115        0.0989          0.0398          .    0.0125   0.0125
year2019                         0.0926        0.0916          0.0036          .    0.0010   0.0010
year2020                         0.0548        0.0588         -0.0175          .    0.0040   0.0040
ss_building                      0.2540        0.2469          0.0367     1.2724    0.0358   0.0646
ss_road                          0.1984        0.1987         -0.0070     1.0560    0.0063   0.0160
ss_sky                           0.1548        0.1746         -0.2136     1.0976    0.0754   0.1225
ss_terrain                       0.0308        0.0307          0.0032     1.1774    0.0258   0.0736
ss_vegetation                    0.2200        0.2080          0.0715     1.2522    0.0200   0.0505
od_person_count                  6.3672        4.9441          0.1450     1.7989    0.0243   0.0616
od_bicycle_count                 0.3898        0.3475          0.0272     1.4399    0.0014   0.0075
od_vehicle_count                11.7509       12.5283         -0.0727     1.0048    0.0141   0.0445
X0_9                             0.1150        0.1256         -0.2999     0.9226    0.0868   0.1316
X10_19                           0.0956        0.1038         -0.2322     0.9464    0.0652   0.1248
X20_29                           0.1753        0.1781         -0.0361     1.0866    0.0258   0.0738
X30_39                           0.1909        0.1901          0.0133     1.1131    0.0277   0.0703
X40_49                           0.1417        0.1404          0.0558     1.1653    0.0150   0.0359
X50_59                           0.1129        0.1095          0.1125     1.2403    0.0257   0.0620
X60_69                           0.0809        0.0736          0.2509     1.1595    0.0791   0.1299
X70_79                           0.0528        0.0476          0.2002     1.2532    0.0658   0.1237
X80_89                           0.0281        0.0255          0.1478     1.1557    0.0483   0.1018
IMD_score                       22.5728       26.5033         -0.3495     0.7425    0.0823   0.1630
housing_price_log               13.1714       12.9361          0.3860     1.6434    0.1034   0.1589
pop_den_log                      7.6022        7.7926         -0.1719     1.3329    0.0471   0.0929
lu_defence                       0.0049        0.0039          0.0238     0.9507    0.0066   0.0142
lu_industry_commerce             5.7384        4.1505          0.2022     2.0019    0.0501   0.1201
lu_minerals_landfill             0.0101        0.0224         -0.1530     0.1272    0.0076   0.0142
lu_residential                  14.8499       15.0752         -0.0276     1.2539    0.0240   0.0728
lu_transport_utilities          23.6076       22.3240          0.1347     1.2121    0.0462   0.1350
lu_unknown_developed_use         8.8801        9.5626         -0.0998     1.0436    0.0355   0.0884
lu_agriculture                   3.8052        2.8937          0.0821     2.2070    0.0464   0.1077
lu_forest_open_land_water        4.9385        2.8098          0.2468     2.1075    0.1186   0.1818
lu_outdoor_recreation            8.1080       10.6772         -0.2008     0.5878    0.0317   0.0612
lu_residential_gardens          20.1283       22.5229         -0.1558     1.1841    0.0495   0.1204
poi_log                          3.0744        2.8588          0.1152     1.4464    0.0600   0.1459


Summary of Balance for Matched Data:
                          Means Treated Means Control Std. Mean Diff. Var. Ratio eCDF Mean eCDF Max Std. Pair Dist.
distance                         0.4798        0.4148          0.3572     1.6102    0.0832   0.1900          0.3572
year2008                         0.0882        0.0935         -0.0186          .    0.0053   0.0053          0.5832
year2009                         0.0430        0.0404          0.0127          .    0.0026   0.0026          0.4016
year2010                         0.0010        0.0012         -0.0069          .    0.0002   0.0002          0.0691
year2011                         0.0075        0.0071          0.0050          .    0.0004   0.0004          0.1692
year2012                         0.1046        0.1049         -0.0011          .    0.0003   0.0003          0.6241
year2013                         0.0001        0.0000          0.0104          .    0.0001   0.0001          0.0104
year2014                         0.1003        0.0961          0.0140          .    0.0042   0.0042          0.5829
year2015                         0.1620        0.1585          0.0093          .    0.0034   0.0034          0.7287
year2016                         0.0976        0.1032         -0.0188          .    0.0056   0.0056          0.6106
year2017                         0.1368        0.1337          0.0091          .    0.0031   0.0031          0.6796
year2018                         0.1115        0.1083          0.0099          .    0.0031   0.0031          0.6185
year2019                         0.0926        0.0957         -0.0104          .    0.0030   0.0030          0.5827
year2020                         0.0548        0.0574         -0.0113          .    0.0026   0.0026          0.4713
ss_building                      0.2540        0.2473          0.0349     1.1826    0.0269   0.0533          1.0814
ss_road                          0.1984        0.1980          0.0062     1.0588    0.0049   0.0149          1.1210
ss_sky                           0.1548        0.1642         -0.1016     1.1280    0.0421   0.0717          1.0356
ss_terrain                       0.0308        0.0317         -0.0175     1.1385    0.0272   0.0623          0.8728
ss_vegetation                    0.2200        0.2166          0.0204     1.2005    0.0182   0.0305          1.0661
od_person_count                  6.3672        5.3578          0.1028     1.4993    0.0170   0.0414          0.8098
od_bicycle_count                 0.3898        0.3559          0.0218     1.3834    0.0012   0.0062          0.4331
od_vehicle_count                11.7509       11.8322         -0.0076     1.0591    0.0060   0.0162          1.1034
X0_9                             0.1150        0.1196         -0.1301     0.9751    0.0365   0.0572          1.0506
X10_19                           0.0956        0.0976         -0.0582     0.9530    0.0162   0.0538          1.0711
X20_29                           0.1753        0.1773         -0.0254     1.0566    0.0160   0.0468          1.0659
X30_39                           0.1909        0.1928         -0.0329     0.9587    0.0128   0.0341          1.1314
X40_49                           0.1417        0.1407          0.0429     1.1163    0.0121   0.0222          1.0724
X50_59                           0.1129        0.1106          0.0784     1.2134    0.0181   0.0497          1.0650
X60_69                           0.0809        0.0774          0.1208     1.0805    0.0398   0.0702          1.0585
X70_79                           0.0528        0.0505          0.0904     1.1054    0.0342   0.0847          1.0476
X80_89                           0.0281        0.0272          0.0539     1.0237    0.0213   0.0615          1.0372
IMD_score                       22.5728       23.6757         -0.0981     0.8119    0.0309   0.0723          1.0956
housing_price_log               13.1714       13.0524          0.1953     1.6457    0.0369   0.1043          0.8662
pop_den_log                      7.6022        7.7331         -0.1182     1.3075    0.0282   0.0847          0.9717
lu_defence                       0.0049        0.0051         -0.0049     0.7061    0.0044   0.0107          0.2425
lu_industry_commerce             5.7384        4.5470          0.1517     1.6554    0.0392   0.0917          0.8217
lu_minerals_landfill             0.0101        0.0100          0.0015     0.8818    0.0064   0.0195          0.2477
lu_residential                  14.8499       15.1930         -0.0420     1.2459    0.0267   0.0844          1.0481
lu_transport_utilities          23.6076       23.0653          0.0569     1.0468    0.0272   0.0914          1.0742
lu_unknown_developed_use         8.8801        8.9429         -0.0092     1.1042    0.0127   0.0508          1.0370
lu_agriculture                   3.8052        3.3668          0.0395     1.8275    0.0653   0.1469          0.5637
lu_forest_open_land_water        4.9385        3.4562          0.1719     1.5479    0.0869   0.1459          0.6612
lu_outdoor_recreation            8.1080        8.2692         -0.0126     0.8442    0.0095   0.0267          0.8832
lu_residential_gardens          20.1283       22.9910         -0.1863     1.0690    0.0552   0.1069          1.0481
poi_log                          3.0744        2.9479          0.0676     1.3678    0.0492   0.1258          1.0595

Sample Sizes:
          Control Treated
All         13961    9304
Matched      9304    9304
Unmatched    4657       0
Discarded       0       0

