
Call:
matchit(formula = formula, data = all_var_scaled_binary_treatment, 
    method = "nearest", distance = "glm")

Summary of Balance for All Data:
                          Means Treated Means Control Std. Mean Diff. Var. Ratio eCDF Mean eCDF Max
distance                         0.8222        0.7110          0.9309     0.7105    0.2306   0.3461
year2008                         0.0908        0.1049         -0.0491          .    0.0141   0.0141
year2009                         0.0391        0.0372          0.0098          .    0.0019   0.0019
year2010                         0.0012        0.0009          0.0094          .    0.0003   0.0003
year2011                         0.0097        0.0144         -0.0476          .    0.0047   0.0047
year2012                         0.1038        0.1036          0.0006          .    0.0002   0.0002
year2013                         0.0001        0.0000          0.0073          .    0.0001   0.0001
year2014                         0.1006        0.0958          0.0158          .    0.0048   0.0048
year2015                         0.1588        0.1412          0.0482          .    0.0176   0.0176
year2016                         0.1069        0.1201         -0.0429          .    0.0132   0.0132
year2017                         0.1357        0.1302          0.0161          .    0.0055   0.0055
year2018                         0.1046        0.1014          0.0103          .    0.0031   0.0031
year2019                         0.0924        0.0905          0.0068          .    0.0020   0.0020
year2020                         0.0565        0.0599         -0.0148          .    0.0034   0.0034
ss_building                      0.2548        0.2297          0.1348     1.4669    0.0440   0.1004
ss_road                          0.1984        0.1993         -0.0177     1.0446    0.0068   0.0178
ss_sky                           0.1620        0.1856         -0.2596     1.1244    0.0901   0.1545
ss_terrain                       0.0295        0.0356         -0.1298     0.8424    0.0495   0.0830
ss_vegetation                    0.2139        0.2083          0.0348     1.2388    0.0220   0.0395
od_person_count                  5.8191        4.2901          0.1740     1.7130    0.0247   0.0701
od_bicycle_count                 0.3872        0.2733          0.0762     2.2274    0.0039   0.0218
od_vehicle_count                12.0646       12.8283         -0.0724     0.8891    0.0134   0.0428
X0_9                             0.1186        0.1324         -0.3790     1.0883    0.1149   0.1806
X10_19                           0.0986        0.1081         -0.2638     1.0609    0.0779   0.1578
X20_29                           0.1784        0.1713          0.0929     1.2209    0.0268   0.0628
X30_39                           0.1909        0.1884          0.0438     1.1993    0.0309   0.0789
X40_49                           0.1406        0.1422         -0.0662     1.1513    0.0212   0.0479
X50_59                           0.1113        0.1092          0.0746     1.2448    0.0257   0.0699
X60_69                           0.0776        0.0724          0.1819     1.2245    0.0521   0.1024
X70_79                           0.0506        0.0460          0.1833     1.3528    0.0532   0.0829
X80_89                           0.0271        0.0245          0.1462     1.2963    0.0427   0.0763
IMD_score                       24.5598       26.4176         -0.1499     0.9269    0.0480   0.0972
housing_price_log               13.0676       12.8804          0.3346     1.5057    0.0887   0.1302
pop_den_log                      7.6959        7.7989         -0.0986     1.2442    0.0273   0.0645
lu_defence                       0.0038        0.0063         -0.0703     0.4037    0.0056   0.0120
lu_industry_commerce             5.1898        3.1687          0.2867     2.9582    0.0444   0.1372
lu_minerals_landfill             0.0164        0.0218         -0.0400     0.1906    0.0112   0.0291
lu_residential                  14.9557       15.1026         -0.0189     1.1436    0.0197   0.0638
lu_transport_utilities          23.3115       20.9411          0.2569     1.3434    0.0812   0.1484
lu_unknown_developed_use         9.3502        9.0476          0.0442     1.1525    0.0188   0.0485
lu_agriculture                   3.2112        3.4462         -0.0254     1.1969    0.0515   0.1510
lu_forest_open_land_water        4.0071        2.2773          0.2274     2.2030    0.1281   0.2081
lu_outdoor_recreation            8.6304       13.7262         -0.3661     0.5163    0.0738   0.1293
lu_residential_gardens          21.0964       23.4404         -0.1581     1.1374    0.0438   0.1090
poi_log                          3.0194        2.6474          0.2142     1.4075    0.0579   0.1311


Summary of Balance for Matched Data:
                          Means Treated Means Control Std. Mean Diff. Var. Ratio eCDF Mean eCDF Max Std. Pair Dist.
distance                         0.9530        0.7110          2.0257     0.0256    0.5796   0.9448          2.0257
year2008                         0.0664        0.1049         -0.1339          .    0.0385   0.0385          0.5423
year2009                         0.0400        0.0372          0.0144          .    0.0028   0.0028          0.3804
year2010                         0.0015        0.0009          0.0188          .    0.0006   0.0006          0.0688
year2011                         0.0052        0.0144         -0.0941          .    0.0092   0.0092          0.1992
year2012                         0.1049        0.1036          0.0042          .    0.0013   0.0013          0.6271
year2013                         0.0002        0.0000          0.0293          .    0.0002   0.0002          0.0293
year2014                         0.1126        0.0958          0.0557          .    0.0168   0.0168          0.6158
year2015                         0.1880        0.1412          0.1282          .    0.0468   0.0468          0.7514
year2016                         0.0812        0.1201         -0.1259          .    0.0389   0.0389          0.5877
year2017                         0.1511        0.1302          0.0609          .    0.0208   0.0208          0.7058
year2018                         0.1094        0.1014          0.0260          .    0.0080   0.0080          0.6229
year2019                         0.0877        0.0905         -0.0096          .    0.0028   0.0028          0.5616
year2020                         0.0520        0.0599         -0.0344          .    0.0080   0.0080          0.4494
ss_building                      0.3140        0.2297          0.4530     1.9503    0.1261   0.2540          1.2202
ss_road                          0.1964        0.1993         -0.0554     1.0591    0.0176   0.0370          1.1221
ss_sky                           0.1194        0.1856         -0.7272     1.0275    0.2426   0.3964          1.2317
ss_terrain                       0.0211        0.0356         -0.3069     0.6726    0.1411   0.2516          0.9039
ss_vegetation                    0.2083        0.2083         -0.0003     1.6399    0.0588   0.1296          1.1428
od_person_count                  9.9787        4.2901          0.6473     3.1931    0.0917   0.2452          1.1460
od_bicycle_count                 0.7230        0.2733          0.3010     5.5315    0.0153   0.1001          0.6056
od_vehicle_count                10.8309       12.8283         -0.1892     0.6681    0.0381   0.1117          1.0784
X0_9                             0.0925        0.1324         -1.0944     0.9771    0.3156   0.4736          1.4144
X10_19                           0.0817        0.1081         -0.7315     0.8653    0.2125   0.3651          1.2007
X20_29                           0.1935        0.1713          0.2891     1.7629    0.0874   0.1874          1.1905
X30_39                           0.1962        0.1884          0.1349     1.4567    0.0677   0.1663          1.1355
X40_49                           0.1413        0.1422         -0.0380     1.5202    0.0343   0.0844          1.1665
X50_59                           0.1166        0.1092          0.2602     1.6855    0.0580   0.1435          1.1608
X60_69                           0.0855        0.0724          0.4600     1.6096    0.1326   0.2458          1.1805
X70_79                           0.0565        0.0460          0.4184     2.2258    0.1072   0.1738          1.1943
X80_89                           0.0291        0.0245          0.2657     2.0411    0.0581   0.0909          1.0870
IMD_score                       21.3514       26.4176         -0.4088     0.7054    0.1130   0.2084          1.1452
housing_price_log               13.4469       12.8804          1.0124     1.8723    0.2619   0.4130          1.3681
pop_den_log                      7.3236        7.7989         -0.4547     1.4541    0.1308   0.2192          1.1016
lu_defence                       0.0018        0.0063         -0.1252     0.1395    0.0109   0.0217          0.2250
lu_industry_commerce            10.7811        3.1687          1.0798     5.8836    0.1649   0.4362          1.4270
lu_minerals_landfill             0.0130        0.0218         -0.0652     0.0899    0.0235   0.0696          0.2584
lu_residential                  13.0384       15.1026         -0.2659     1.1722    0.1025   0.2140          1.0976
lu_transport_utilities          26.6409       20.9411          0.6178     2.1451    0.1714   0.3743          1.2878
lu_unknown_developed_use        10.2589        9.0476          0.1767     1.3981    0.0392   0.1010          1.1371
lu_agriculture                   3.0636        3.4462         -0.0413     1.0182    0.0715   0.1992          0.6100
lu_forest_open_land_water        7.8888        2.2773          0.7378     6.0656    0.2160   0.2967          0.9882
lu_outdoor_recreation            5.5671       13.7262         -0.5861     0.1548    0.1103   0.2112          1.0319
lu_residential_gardens          11.0325       23.4404         -0.8366     0.7828    0.2379   0.4514          1.2324
poi_log                          3.7619        2.6474          0.6419     1.8558    0.1812   0.3739          1.3076

Sample Sizes:
          Control Treated
All          4654   18611
Matched      4654    4654
Unmatched       0   13957
Discarded       0       0

