
Call:
matchit(formula = formula, data = all_var_scaled_binary_treatment, 
    method = "nearest", distance = "glm")

Summary of Balance for All Data:
                          Means Treated Means Control Std. Mean Diff. Var. Ratio eCDF Mean eCDF Max
distance                         0.6582        0.5125          0.8203     1.1746    0.2254   0.3344
year2008                         0.0890        0.1005         -0.0403          .    0.0115   0.0115
year2009                         0.0420        0.0337          0.0411          .    0.0083   0.0083
year2010                         0.0013        0.0009          0.0120          .    0.0004   0.0004
year2011                         0.0087        0.0136         -0.0537          .    0.0050   0.0050
year2012                         0.1044        0.1027          0.0055          .    0.0017   0.0017
year2013                         0.0001        0.0000          0.0085          .    0.0001   0.0001
year2014                         0.1011        0.0974          0.0121          .    0.0037   0.0037
year2015                         0.1609        0.1469          0.0381          .    0.0140   0.0140
year2016                         0.1004        0.1232         -0.0760          .    0.0228   0.0228
year2017                         0.1342        0.1353         -0.0031          .    0.0011   0.0011
year2018                         0.1078        0.0981          0.0314          .    0.0097   0.0097
year2019                         0.0940        0.0891          0.0169          .    0.0049   0.0049
year2020                         0.0562        0.0587         -0.0105          .    0.0024   0.0024
ss_building                      0.2577        0.2379          0.1037     1.3825    0.0415   0.0867
ss_road                          0.1985        0.1987         -0.0045     1.0818    0.0071   0.0174
ss_sky                           0.1591        0.1781         -0.2073     1.1239    0.0732   0.1230
ss_terrain                       0.0297        0.0323         -0.0547     1.0040    0.0372   0.0913
ss_vegetation                    0.2144        0.2104          0.0247     1.1739    0.0163   0.0356
od_person_count                  6.1746        4.5215          0.1762     1.9897    0.0270   0.0723
od_bicycle_count                 0.3790        0.3425          0.0250     1.2111    0.0013   0.0072
od_vehicle_count                11.9718       12.5855         -0.0573     1.0076    0.0120   0.0462
X0_9                             0.1162        0.1290         -0.3581     0.9470    0.1065   0.1676
X10_19                           0.0968        0.1060         -0.2565     1.0180    0.0727   0.1356
X20_29                           0.1762        0.1782         -0.0256     1.0104    0.0215   0.0541
X30_39                           0.1918        0.1883          0.0605     1.1847    0.0352   0.0882
X40_49                           0.1409        0.1409          0.0000     1.1471    0.0143   0.0316
X50_59                           0.1122        0.1089          0.1154     1.2249    0.0270   0.0732
X60_69                           0.0793        0.0725          0.2358     1.1823    0.0722   0.1185
X70_79                           0.0520        0.0462          0.2224     1.4300    0.0660   0.1090
X80_89                           0.0279        0.0245          0.1865     1.3640    0.0544   0.0922
IMD_score                       23.6526       26.8491         -0.2659     0.8574    0.0720   0.1405
housing_price_log               13.1204       12.8950          0.3864     1.6772    0.1024   0.1508
pop_den_log                      7.6573        7.8052         -0.1378     1.2981    0.0399   0.0848
lu_defence                       0.0042        0.0044         -0.0034     0.6892    0.0035   0.0077
lu_industry_commerce             5.4287        3.8211          0.2148     2.3517    0.0412   0.1122
lu_minerals_landfill             0.0135        0.0234         -0.1040     0.1308    0.0101   0.0265
lu_residential                  14.9514       15.0356         -0.0106     1.1885    0.0225   0.0561
lu_transport_utilities          23.6055       21.6856          0.2005     1.4224    0.0582   0.1495
lu_unknown_developed_use         9.1170        9.5487         -0.0628     1.0869    0.0268   0.0889
lu_agriculture                   3.4723        2.9372          0.0537     1.7112    0.0406   0.1201
lu_forest_open_land_water        4.4719        2.4453          0.2449     2.7605    0.1167   0.1800
lu_outdoor_recreation            8.2956       11.6803         -0.2595     0.5260    0.0396   0.0761
lu_residential_gardens          20.6995       22.8635         -0.1439     1.1514    0.0418   0.1003
poi_log                          3.0545        2.7808          0.1525     1.4142    0.0597   0.1320


Summary of Balance for Matched Data:
                          Means Treated Means Control Std. Mean Diff. Var. Ratio eCDF Mean eCDF Max Std. Pair Dist.
distance                         0.7591        0.5125          1.3883     0.4625    0.3895   0.6638          1.3883
year2008                         0.0800        0.1005         -0.0717          .    0.0204   0.0204          0.5811
year2009                         0.0497        0.0337          0.0798          .    0.0160   0.0160          0.4034
year2010                         0.0014        0.0009          0.0150          .    0.0005   0.0005          0.0629
year2011                         0.0055        0.0136         -0.0881          .    0.0082   0.0082          0.2040
year2012                         0.1044        0.1027          0.0056          .    0.0017   0.0017          0.6008
year2013                         0.0001        0.0000          0.0127          .    0.0001   0.0001          0.0127
year2014                         0.1032        0.0974          0.0192          .    0.0058   0.0058          0.5973
year2015                         0.1780        0.1469          0.0848          .    0.0312   0.0312          0.7392
year2016                         0.0812        0.1232         -0.1398          .    0.0420   0.0420          0.6131
year2017                         0.1354        0.1353          0.0003          .    0.0001   0.0001          0.6868
year2018                         0.1141        0.0981          0.0516          .    0.0160   0.0160          0.6114
year2019                         0.0941        0.0891          0.0173          .    0.0050   0.0050          0.5644
year2020                         0.0528        0.0587         -0.0256          .    0.0059   0.0059          0.4602
ss_building                      0.2772        0.2379          0.2059     1.5073    0.0649   0.1342          1.0988
ss_road                          0.1980        0.1987         -0.0137     1.0609    0.0069   0.0184          1.0904
ss_sky                           0.1414        0.1781         -0.3995     0.9930    0.1315   0.2066          1.0771
ss_terrain                       0.0269        0.0323         -0.1120     0.9354    0.0673   0.1462          0.8743
ss_vegetation                    0.2167        0.2104          0.0388     1.3296    0.0281   0.0613          1.1155
od_person_count                  7.4598        4.5215          0.3132     2.5150    0.0474   0.1225          0.8542
od_bicycle_count                 0.4133        0.3425          0.0484     1.2589    0.0025   0.0184          0.4683
od_vehicle_count                11.6666       12.5855         -0.0859     0.9095    0.0157   0.0620          1.0862
X0_9                             0.1065        0.1290         -0.6302     0.8084    0.1877   0.2877          1.1557
X10_19                           0.0892        0.1060         -0.4675     0.9292    0.1358   0.2292          1.1105
X20_29                           0.1773        0.1782         -0.0122     1.0534    0.0394   0.0793          1.0817
X30_39                           0.1963        0.1883          0.1365     1.3822    0.0626   0.1480          1.1177
X40_49                           0.1408        0.1409         -0.0058     1.2030    0.0205   0.0471          1.0765
X50_59                           0.1136        0.1089          0.1635     1.3149    0.0369   0.0973          1.0692
X60_69                           0.0835        0.0725          0.3844     1.2568    0.1165   0.1892          1.0943
X70_79                           0.0555        0.0462          0.3569     1.6491    0.1035   0.1596          1.0541
X80_89                           0.0299        0.0245          0.2989     1.6377    0.0822   0.1318          1.0440
IMD_score                       21.3945       26.8491         -0.4538     0.7032    0.1187   0.2200          1.1497
housing_price_log               13.2983       12.8950          0.6914     1.6918    0.1923   0.2910          1.0790
pop_den_log                      7.5712        7.8052         -0.2181     1.4294    0.0598   0.1135          1.0245
lu_defence                       0.0036        0.0044         -0.0210     0.4465    0.0027   0.0066          0.2103
lu_industry_commerce             6.6913        3.8211          0.3834     2.9317    0.0564   0.1888          0.9148
lu_minerals_landfill             0.0128        0.0234         -0.1114     0.1054    0.0154   0.0405          0.3764
lu_residential                  15.1460       15.0356          0.0139     1.3524    0.0312   0.0710          1.1038
lu_transport_utilities          25.1109       21.6856          0.3578     1.6372    0.1046   0.2395          1.0637
lu_unknown_developed_use         9.0173        9.5487         -0.0773     1.1460    0.0348   0.0996          1.0698
lu_agriculture                   3.6339        2.9372          0.0699     1.8420    0.0406   0.1169          0.5591
lu_forest_open_land_water        5.5613        2.4453          0.3765     3.7725    0.1483   0.2108          0.6879
lu_outdoor_recreation            6.5213       11.6803         -0.3955     0.3037    0.0618   0.1225          1.0058
lu_residential_gardens          18.6071       22.8635         -0.2829     1.1727    0.0823   0.1668          1.1238
poi_log                          3.3131        2.7808          0.2966     1.5550    0.0945   0.1982          1.1133

Sample Sizes:
          Control Treated
All          9308   13957
Matched      9308    9308
Unmatched       0    4649
Discarded       0       0

