
Call:
matchit(formula = formula, data = all_var_scaled_binary_treatment, 
    method = "nearest", distance = "glm")

Summary of Balance for All Data:
                          Means Treated Means Control Std. Mean Diff. Var. Ratio eCDF Mean eCDF Max
distance                         0.3691        0.2703          0.6349     1.4232    0.1980   0.2883
year2008                         0.0867        0.0965         -0.0349          .    0.0098   0.0098
year2009                         0.0437        0.0365          0.0351          .    0.0072   0.0072
year2010                         0.0010        0.0012         -0.0052          .    0.0002   0.0002
year2011                         0.0073        0.0121         -0.0562          .    0.0048   0.0048
year2012                         0.1059        0.1028          0.0101          .    0.0031   0.0031
year2013                         0.0000        0.0001         -0.0094          .    0.0001   0.0001
year2014                         0.1013        0.0989          0.0080          .    0.0024   0.0024
year2015                         0.1599        0.1533          0.0182          .    0.0067   0.0067
year2016                         0.0927        0.1167         -0.0827          .    0.0240   0.0240
year2017                         0.1353        0.1343          0.0028          .    0.0009   0.0009
year2018                         0.1115        0.1007          0.0343          .    0.0108   0.0108
year2019                         0.0972        0.0898          0.0248          .    0.0073   0.0073
year2020                         0.0575        0.0571          0.0016          .    0.0004   0.0004
ss_building                      0.2428        0.2528         -0.0521     1.1875    0.0373   0.0706
ss_road                          0.1985        0.1986         -0.0018     1.0214    0.0039   0.0116
ss_sky                           0.1552        0.1716         -0.1784     1.0740    0.0617   0.1007
ss_terrain                       0.0328        0.0298          0.0553     1.3702    0.0217   0.0492
ss_vegetation                    0.2299        0.2055          0.1436     1.2807    0.0363   0.0725
od_person_count                  6.2763        5.1863          0.1102     1.6458    0.0210   0.0498
od_bicycle_count                 0.4014        0.3486          0.0320     1.6409    0.0018   0.0070
od_vehicle_count                11.6060       12.4793         -0.0809     1.0295    0.0163   0.0447
X0_9                             0.1156        0.1238         -0.2275     0.9859    0.0630   0.0944
X10_19                           0.0970        0.1020         -0.1396     0.9588    0.0392   0.0889
X20_29                           0.1748        0.1780         -0.0408     1.1227    0.0298   0.0736
X30_39                           0.1883        0.1913         -0.0505     1.0408    0.0223   0.0464
X40_49                           0.1414        0.1408          0.0242     1.1551    0.0124   0.0239
X50_59                           0.1133        0.1098          0.1130     1.3147    0.0248   0.0677
X60_69                           0.0813        0.0745          0.2310     1.1531    0.0712   0.1122
X70_79                           0.0533        0.0482          0.1995     1.1275    0.0693   0.1220
X80_89                           0.0283        0.0258          0.1448     1.0734    0.0486   0.0995
IMD_score                       22.6647       25.9026         -0.2864     0.7716    0.0679   0.1606
housing_price_log               13.1591       12.9750          0.3042     1.4210    0.0812   0.1313
pop_den_log                      7.5542        7.7860         -0.2057     1.3496    0.0612   0.1017
lu_defence                       0.0063        0.0034          0.0631     1.4447    0.0123   0.0221
lu_industry_commerce             5.6364        4.4210          0.1533     1.7885    0.0590   0.0988
lu_minerals_landfill             0.0095        0.0209         -0.1381     0.1545    0.0063   0.0118
lu_residential                  14.4158       15.2290         -0.1009     1.1610    0.0358   0.0780
lu_transport_utilities          23.3142       22.6330          0.0690     1.3055    0.0358   0.1296
lu_unknown_developed_use         8.7139        9.5364         -0.1254     0.9211    0.0358   0.0745
lu_agriculture                   3.9978        2.9414          0.0934     2.0184    0.0390   0.1081
lu_forest_open_land_water        5.2172        2.9944          0.2446     2.2057    0.1107   0.1640
lu_outdoor_recreation            8.2831       10.2353         -0.1514     0.6344    0.0226   0.0507
lu_residential_gardens          19.9722       22.2478         -0.1474     1.1683    0.0493   0.1196
poi_log                          3.0317        2.9079          0.0648     1.4498    0.0565   0.1340


Summary of Balance for Matched Data:
                          Means Treated Means Control Std. Mean Diff. Var. Ratio eCDF Mean eCDF Max Std. Pair Dist.
distance                         0.3691        0.3573          0.0761     1.2153    0.0080   0.0547          0.0762
year2008                         0.0867        0.0910         -0.0153          .    0.0043   0.0043          0.5663
year2009                         0.0437        0.0416          0.0105          .    0.0021   0.0021          0.4030
year2010                         0.0010        0.0007          0.0091          .    0.0003   0.0003          0.0543
year2011                         0.0073        0.0064          0.0101          .    0.0009   0.0009          0.1582
year2012                         0.1059        0.1076         -0.0056          .    0.0017   0.0017          0.6175
year2013                         0.0000        0.0000          0.0000          .    0.0000   0.0000          0.0000
year2014                         0.1013        0.0993          0.0066          .    0.0020   0.0020          0.5899
year2015                         0.1599        0.1586          0.0035          .    0.0013   0.0013          0.7229
year2016                         0.0927        0.0901          0.0089          .    0.0026   0.0026          0.5623
year2017                         0.1353        0.1349          0.0013          .    0.0004   0.0004          0.6876
year2018                         0.1115        0.1154         -0.0123          .    0.0039   0.0039          0.6470
year2019                         0.0972        0.0939          0.0111          .    0.0033   0.0033          0.5850
year2020                         0.0575        0.0605         -0.0129          .    0.0030   0.0030          0.4797
ss_building                      0.2428        0.2443         -0.0080     1.0802    0.0168   0.0345          1.0946
ss_road                          0.1985        0.1978          0.0136     1.0132    0.0038   0.0105          1.1360
ss_sky                           0.1552        0.1562         -0.0108     1.0575    0.0074   0.0271          1.0300
ss_terrain                       0.0328        0.0318          0.0178     1.2588    0.0182   0.0440          0.8470
ss_vegetation                    0.2299        0.2279          0.0122     1.0984    0.0110   0.0285          1.0678
od_person_count                  6.2763        6.0602          0.0219     1.1832    0.0076   0.0370          0.8538
od_bicycle_count                 0.4014        0.3994          0.0012     1.3239    0.0013   0.0161          0.4429
od_vehicle_count                11.6060       11.6192         -0.0012     1.1179    0.0085   0.0358          1.0820
X0_9                             0.1156        0.1160         -0.0112     0.9538    0.0113   0.0307          1.0619
X10_19                           0.0970        0.0969          0.0035     0.8454    0.0098   0.0234          1.1197
X20_29                           0.1748        0.1768         -0.0251     0.9930    0.0109   0.0291          1.0788
X30_39                           0.1883        0.1906         -0.0388     0.9013    0.0105   0.0325          1.1422
X40_49                           0.1414        0.1410          0.0143     1.0554    0.0061   0.0224          1.0984
X50_59                           0.1133        0.1116          0.0569     1.2558    0.0203   0.0423          1.0503
X60_69                           0.0813        0.0798          0.0490     1.0195    0.0165   0.0401          1.0632
X70_79                           0.0533        0.0525          0.0295     0.8655    0.0249   0.0671          1.0860
X80_89                           0.0283        0.0281          0.0153     0.8379    0.0187   0.0555          1.0809
IMD_score                       22.6647       22.7025         -0.0033     0.8707    0.0225   0.0598          1.0656
housing_price_log               13.1591       13.1393          0.0328     1.1858    0.0119   0.0354          0.9363
pop_den_log                      7.5542        7.6026         -0.0429     1.1599    0.0185   0.0529          0.9819
lu_defence                       0.0063        0.0056          0.0158     0.8025    0.0074   0.0155          0.2559
lu_industry_commerce             5.6364        5.4757          0.0203     1.1918    0.0429   0.0863          0.8776
lu_minerals_landfill             0.0095        0.0078          0.0203     1.5132    0.0029   0.0122          0.2047
lu_residential                  14.4158       14.6179         -0.0251     1.0971    0.0174   0.0586          1.0587
lu_transport_utilities          23.3142       23.4447         -0.0132     0.9594    0.0141   0.0641          1.0995
lu_unknown_developed_use         8.7139        8.8804         -0.0254     0.9608    0.0107   0.0433          1.0422
lu_agriculture                   3.9978        3.6265          0.0328     1.4650    0.0554   0.1467          0.5756
lu_forest_open_land_water        5.2172        4.4928          0.0797     1.2101    0.0443   0.0874          0.6865
lu_outdoor_recreation            8.2831        7.7756          0.0393     1.0411    0.0156   0.0453          0.8509
lu_residential_gardens          19.9722       20.9453         -0.0630     1.0329    0.0225   0.0535          1.0278
poi_log                          3.0317        3.0388         -0.0037     1.2567    0.0335   0.0889          1.0560

Sample Sizes:
          Control Treated
All         16287    6978
Matched      6978    6978
Unmatched    9309       0
Discarded       0       0

