
Call:
matchit(formula = formula, data = all_var_scaled_binary_treatment, 
    method = "nearest", distance = "glm")

Summary of Balance for All Data:
                          Means Treated Means Control Std. Mean Diff. Var. Ratio eCDF Mean eCDF Max
distance                         0.5757        0.4241          0.8072     1.2637    0.2266   0.3355
year2008                         0.0878        0.0994         -0.0409          .    0.0116   0.0116
year2009                         0.0430        0.0344          0.0425          .    0.0086   0.0086
year2010                         0.0014        0.0009          0.0139          .    0.0005   0.0005
year2011                         0.0076        0.0138         -0.0714          .    0.0062   0.0062
year2012                         0.1045        0.1030          0.0049          .    0.0015   0.0015
year2013                         0.0001        0.0000          0.0093          .    0.0001   0.0001
year2014                         0.1019        0.0974          0.0149          .    0.0045   0.0045
year2015                         0.1618        0.1487          0.0357          .    0.0131   0.0131
year2016                         0.0985        0.1206         -0.0743          .    0.0221   0.0221
year2017                         0.1352        0.1341          0.0032          .    0.0011   0.0011
year2018                         0.1105        0.0974          0.0418          .    0.0131   0.0131
year2019                         0.0929        0.0911          0.0064          .    0.0018   0.0018
year2020                         0.0549        0.0595         -0.0199          .    0.0045   0.0045
ss_building                      0.2555        0.2440          0.0592     1.3572    0.0402   0.0716
ss_road                          0.1985        0.1987         -0.0037     1.0640    0.0058   0.0132
ss_sky                           0.1562        0.1772         -0.2269     1.1279    0.0802   0.1311
ss_terrain                       0.0303        0.0311         -0.0174     1.0978    0.0314   0.0860
ss_vegetation                    0.2183        0.2073          0.0666     1.2150    0.0209   0.0511
od_person_count                  6.2736        4.7532          0.1575     1.9385    0.0259   0.0662
od_bicycle_count                 0.3811        0.3477          0.0222     1.3169    0.0012   0.0060
od_vehicle_count                11.7794       12.6551         -0.0814     1.0287    0.0173   0.0554
X0_9                             0.1157        0.1270         -0.3148     0.9602    0.0940   0.1427
X10_19                           0.0960        0.1049         -0.2452     1.0388    0.0718   0.1296
X20_29                           0.1748        0.1793         -0.0598     1.0277    0.0262   0.0698
X30_39                           0.1911        0.1897          0.0228     1.1190    0.0270   0.0755
X40_49                           0.1416        0.1403          0.0555     1.1736    0.0148   0.0367
X50_59                           0.1127        0.1090          0.1257     1.1892    0.0293   0.0665
X60_69                           0.0804        0.0727          0.2659     1.1645    0.0837   0.1342
X70_79                           0.0527        0.0467          0.2308     1.3400    0.0716   0.1185
X80_89                           0.0282        0.0249          0.1864     1.3218    0.0566   0.1033
IMD_score                       22.8863       26.9757         -0.3532     0.7858    0.0876   0.1705
housing_price_log               13.1478       12.9126          0.3924     1.7250    0.1043   0.1595
pop_den_log                      7.6295        7.8034         -0.1612     1.2593    0.0475   0.0843
lu_defence                       0.0045        0.0041          0.0102     0.7408    0.0056   0.0118
lu_industry_commerce             5.5864        3.9850          0.2080     2.1943    0.0482   0.1219
lu_minerals_landfill             0.0105        0.0244         -0.1724     0.1081    0.0079   0.0143
lu_residential                  14.8484       15.1217         -0.0343     1.1841    0.0243   0.0634
lu_transport_utilities          23.5549       22.1201          0.1513     1.2430    0.0458   0.1383
lu_unknown_developed_use         8.9663        9.6129         -0.0947     1.0436    0.0325   0.0957
lu_agriculture                   3.5832        2.9334          0.0628     1.8191    0.0404   0.1083
lu_forest_open_land_water        4.6873        2.6353          0.2445     2.2356    0.1216   0.1804
lu_outdoor_recreation            8.2331       11.0658         -0.2184     0.5681    0.0352   0.0686
lu_residential_gardens          20.5164       22.6136         -0.1380     1.1659    0.0417   0.1057
poi_log                          3.0571        2.8329          0.1224     1.4302    0.0587   0.1349


Summary of Balance for Matched Data:
                          Means Treated Means Control Std. Mean Diff. Var. Ratio eCDF Mean eCDF Max Std. Pair Dist.
distance                         0.5757        0.4243          0.8062     1.2667    0.2264   0.3353          0.8062
year2008                         0.0878        0.0993         -0.0407          .    0.0115   0.0115          0.5907
year2009                         0.0430        0.0344          0.0424          .    0.0086   0.0086          0.3629
year2010                         0.0014        0.0009          0.0139          .    0.0005   0.0005          0.0603
year2011                         0.0076        0.0138         -0.0714          .    0.0062   0.0062          0.2421
year2012                         0.1045        0.1030          0.0048          .    0.0015   0.0015          0.6075
year2013                         0.0001        0.0000          0.0093          .    0.0001   0.0001          0.0093
year2014                         0.1019        0.0974          0.0148          .    0.0045   0.0045          0.5872
year2015                         0.1618        0.1487          0.0357          .    0.0132   0.0132          0.7020
year2016                         0.0985        0.1206         -0.0742          .    0.0221   0.0221          0.6520
year2017                         0.1352        0.1341          0.0030          .    0.0010   0.0010          0.6680
year2018                         0.1105        0.0973          0.0420          .    0.0132   0.0132          0.5938
year2019                         0.0929        0.0911          0.0062          .    0.0018   0.0018          0.5783
year2020                         0.0549        0.0594         -0.0196          .    0.0045   0.0045          0.4619
ss_building                      0.2555        0.2441          0.0589     1.3570    0.0402   0.0715          1.0598
ss_road                          0.1985        0.1987         -0.0030     1.0649    0.0058   0.0132          1.1093
ss_sky                           0.1562        0.1771         -0.2264     1.1284    0.0800   0.1310          1.0576
ss_terrain                       0.0303        0.0311         -0.0175     1.0974    0.0314   0.0859          0.8781
ss_vegetation                    0.2183        0.2074          0.0664     1.2146    0.0209   0.0510          1.0722
od_person_count                  6.2736        4.7548          0.1574     1.9380    0.0259   0.0661          0.7639
od_bicycle_count                 0.3811        0.3479          0.0221     1.3163    0.0012   0.0060          0.4414
od_vehicle_count                11.7794       12.6571         -0.0816     1.0287    0.0174   0.0555          1.1126
X0_9                             0.1157        0.1270         -0.3145     0.9599    0.0939   0.1425          1.0861
X10_19                           0.0960        0.1049         -0.2453     1.0385    0.0719   0.1295          1.0362
X20_29                           0.1748        0.1793         -0.0598     1.0273    0.0261   0.0697          1.0477
X30_39                           0.1911        0.1897          0.0230     1.1187    0.0270   0.0758          1.0556
X40_49                           0.1416        0.1403          0.0557     1.1734    0.0148   0.0367          1.0654
X50_59                           0.1127        0.1090          0.1260     1.1891    0.0294   0.0666          1.0611
X60_69                           0.0804        0.0727          0.2657     1.1641    0.0837   0.1340          1.0314
X70_79                           0.0527        0.0467          0.2304     1.3402    0.0715   0.1183          0.9847
X80_89                           0.0282        0.0249          0.1861     1.3217    0.0564   0.1031          0.9615
IMD_score                       22.8863       26.9777         -0.3533     0.7855    0.0876   0.1707          1.1297
housing_price_log               13.1478       12.9129          0.3919     1.7261    0.1041   0.1594          0.9074
pop_den_log                      7.6295        7.8043         -0.1620     1.2613    0.0477   0.0846          0.9819
lu_defence                       0.0045        0.0041          0.0102     0.7405    0.0056   0.0118          0.2242
lu_industry_commerce             5.5864        3.9855          0.2080     2.1934    0.0481   0.1218          0.7790
lu_minerals_landfill             0.0105        0.0215         -0.1369     0.1582    0.0078   0.0147          0.3953
lu_residential                  14.8484       15.1271         -0.0349     1.1850    0.0244   0.0636          1.0723
lu_transport_utilities          23.5549       22.1198          0.1513     1.2424    0.0458   0.1383          1.0236
lu_unknown_developed_use         8.9663        9.6106         -0.0944     1.0434    0.0324   0.0954          1.0579
lu_agriculture                   3.5832        2.9244          0.0637     1.8242    0.0403   0.1080          0.5495
lu_forest_open_land_water        4.6873        2.6351          0.2445     2.2346    0.1217   0.1807          0.6071
lu_outdoor_recreation            8.2331       11.0642         -0.2183     0.5678    0.0350   0.0687          1.0254
lu_residential_gardens          20.5164       22.6210         -0.1385     1.1662    0.0419   0.1061          1.0734
poi_log                          3.0571        2.8336          0.1221     1.4303    0.0587   0.1348          1.0420

Sample Sizes:
          Control Treated
All         11635   11630
Matched     11630   11630
Unmatched       5       0
Discarded       0       0

