
Call:
matchit(formula = formula, data = all_var_scaled_binary_treatment, 
    method = "nearest", distance = "glm")

Summary of Balance for All Data:
                          Means Treated Means Control Std. Mean Diff. Var. Ratio eCDF Mean eCDF Max
distance                         0.9092        0.8172          1.1051     0.4818    0.2623   0.3766
year2008                         0.0910        0.1169         -0.0901          .    0.0259   0.0259
year2009                         0.0380        0.0447         -0.0349          .    0.0067   0.0067
year2010                         0.0011        0.0009          0.0085          .    0.0003   0.0003
year2011                         0.0103        0.0142         -0.0388          .    0.0039   0.0039
year2012                         0.1034        0.1070         -0.0120          .    0.0037   0.0037
year2013                         0.0000        0.0000          0.0069          .    0.0000   0.0000
year2014                         0.1004        0.0928          0.0252          .    0.0076   0.0076
year2015                         0.1575        0.1349          0.0620          .    0.0226   0.0226
year2016                         0.1091        0.1130         -0.0125          .    0.0039   0.0039
year2017                         0.1361        0.1216          0.0422          .    0.0145   0.0145
year2018                         0.1039        0.1040         -0.0002          .    0.0001   0.0001
year2019                         0.0918        0.0937         -0.0064          .    0.0018   0.0018
year2020                         0.0573        0.0563          0.0044          .    0.0010   0.0010
ss_building                      0.2545        0.2075          0.2556     1.6928    0.0699   0.1431
ss_road                          0.1985        0.1992         -0.0124     0.9093    0.0129   0.0295
ss_sky                           0.1629        0.2006         -0.4155     1.2732    0.1415   0.2375
ss_terrain                       0.0297        0.0402         -0.2232     0.7695    0.0868   0.1401
ss_vegetation                    0.2123        0.2173         -0.0313     1.2084    0.0231   0.0663
od_person_count                  5.7288        3.5733          0.2488     2.3270    0.0348   0.1055
od_bicycle_count                 0.3843        0.1852          0.1361     3.7243    0.0068   0.0582
od_vehicle_count                12.1374       12.9373         -0.0759     0.7727    0.0220   0.0526
X0_9                             0.1193        0.1395         -0.5518     1.3950    0.1701   0.2716
X10_19                           0.0989        0.1144         -0.4287     1.1028    0.1355   0.2446
X20_29                           0.1793        0.1561          0.3033     1.7344    0.0829   0.1424
X30_39                           0.1916        0.1798          0.2029     1.4232    0.0620   0.1436
X40_49                           0.1407        0.1433         -0.1127     1.2414    0.0278   0.0644
X50_59                           0.1108        0.1113         -0.0178     1.2714    0.0272   0.0511
X60_69                           0.0767        0.0752          0.0530     1.3314    0.0343   0.0861
X70_79                           0.0499        0.0484          0.0604     1.3646    0.0225   0.0560
X80_89                           0.0266        0.0260          0.0356     1.2632    0.0215   0.0404
IMD_score                       24.9015       25.2009         -0.0240     0.9150    0.0192   0.0524
housing_price_log               13.0573       12.7862          0.4924     1.6596    0.1433   0.2228
pop_den_log                      7.7201        7.6837          0.0354     1.0782    0.0210   0.0700
lu_defence                       0.0035        0.0111         -0.2194     0.1876    0.0133   0.0229
lu_industry_commerce             5.0082        2.7816          0.3265     3.1520    0.0617   0.1657
lu_minerals_landfill             0.0154        0.0358         -0.1583     0.0902    0.0107   0.0270
lu_residential                  15.0463       14.4339          0.0798     1.0357    0.0186   0.0589
lu_transport_utilities          23.2096       19.4882          0.4097     1.3433    0.1341   0.2484
lu_unknown_developed_use         9.4163        8.1503          0.1851     1.3344    0.0539   0.1329
lu_agriculture                   3.0799        4.8629         -0.1983     0.8188    0.1249   0.2504
lu_forest_open_land_water        3.7381        2.9682          0.1054     1.3625    0.0679   0.1264
lu_outdoor_recreation            9.2623       13.1356         -0.2598     0.6775    0.0567   0.1202
lu_residential_gardens          21.1215       25.5578         -0.3024     1.0752    0.0859   0.1559
poi_log                          3.0217        2.2552          0.4485     1.6104    0.0765   0.2447


Summary of Balance for Matched Data:
                          Means Treated Means Control Std. Mean Diff. Var. Ratio eCDF Mean eCDF Max Std. Pair Dist.
distance                         0.9932        0.8172          2.1137     0.0006    0.6862   0.9953          2.1137
year2008                         0.0421        0.1169         -0.2600          .    0.0748   0.0748          0.5140
year2009                         0.0189        0.0447         -0.1348          .    0.0258   0.0258          0.3236
year2010                         0.0000        0.0009         -0.0254          .    0.0009   0.0009          0.0254
year2011                         0.0013        0.0142         -0.1279          .    0.0129   0.0129          0.1535
year2012                         0.0958        0.1070         -0.0367          .    0.0112   0.0112          0.5985
year2013                         0.0004        0.0000          0.0622          .    0.0004   0.0004          0.0622
year2014                         0.1324        0.0928          0.1316          .    0.0395   0.0395          0.6549
year2015                         0.1994        0.1349          0.1770          .    0.0645   0.0645          0.7503
year2016                         0.0838        0.1130         -0.0937          .    0.0292   0.0292          0.5706
year2017                         0.1809        0.1216          0.1730          .    0.0593   0.0593          0.7345
year2018                         0.1130        0.1040          0.0296          .    0.0090   0.0090          0.6436
year2019                         0.0821        0.0937         -0.0402          .    0.0116   0.0116          0.5520
year2020                         0.0498        0.0563         -0.0277          .    0.0064   0.0064          0.4493
ss_building                      0.4016        0.2075          1.0571     1.7387    0.2799   0.4963          1.4053
ss_road                          0.1986        0.1992         -0.0110     0.8730    0.0212   0.0498          1.1387
ss_sky                           0.0936        0.2006         -1.1793     0.7603    0.3835   0.5969          1.3812
ss_terrain                       0.0104        0.0402         -0.6294     0.2789    0.2814   0.4744          0.8884
ss_vegetation                    0.1393        0.2173         -0.4917     1.0512    0.1736   0.2832          1.1226
od_person_count                 13.2828        3.5733          1.1209     4.9101    0.1566   0.4443          1.3988
od_bicycle_count                 1.1779        0.1852          0.6784    17.7212    0.0337   0.2329          0.8576
od_vehicle_count                11.5492       12.9373         -0.1318     0.4849    0.0579   0.1689          1.0814
X0_9                             0.0783        0.1395         -1.6711     0.9432    0.4672   0.7086          1.7622
X10_19                           0.0682        0.1144         -1.2849     0.6256    0.3791   0.6266          1.4413
X20_29                           0.2218        0.1561          0.8571     2.6423    0.2336   0.4555          1.3566
X30_39                           0.2186        0.1798          0.6717     1.6372    0.1890   0.3657          1.1949
X40_49                           0.1412        0.1433         -0.0908     2.1616    0.0679   0.1440          1.2782
X50_59                           0.1156        0.1113          0.1489     2.1339    0.0426   0.1135          1.2244
X60_69                           0.0795        0.0752          0.1526     1.8431    0.0712   0.1839          1.1558
X70_79                           0.0484        0.0484          0.0012     2.1823    0.0462   0.1173          1.1189
X80_89                           0.0232        0.0260         -0.1654     1.6993    0.0822   0.1298          1.0183
IMD_score                       22.9765       25.2009         -0.1786     0.5632    0.0705   0.1736          1.0605
housing_price_log               13.6584       12.7862          1.5844     1.7317    0.4151   0.6468          1.6852
pop_den_log                      7.4072        7.6837         -0.2687     1.2348    0.0743   0.1272          1.1071
lu_defence                       0.0004        0.0111         -0.3117     0.0020    0.0227   0.0344          0.3347
lu_industry_commerce            15.3819        2.7816          1.8478     6.3908    0.3235   0.6648          1.9884
lu_minerals_landfill             0.0070        0.0358         -0.2242     0.0047    0.0290   0.0756          0.3297
lu_residential                  13.0629       14.4339         -0.1786     0.7710    0.0760   0.1560          1.0632
lu_transport_utilities          31.8614       19.4882          1.3621     1.9320    0.3706   0.6902          1.5831
lu_unknown_developed_use        13.0228        8.1503          0.7124     1.6651    0.1916   0.3464          1.2275
lu_agriculture                   0.7391        4.8629         -0.4586     0.1110    0.2456   0.4560          0.5755
lu_forest_open_land_water        4.7644        2.9682          0.2459     3.3918    0.0282   0.2041          0.8829
lu_outdoor_recreation            5.3412       13.1356         -0.5228     0.1893    0.1309   0.2299          0.9204
lu_residential_gardens           4.7702       25.5578         -1.4169     0.1514    0.3934   0.7237          1.4607
poi_log                          4.7615        2.2552          1.4666     1.2278    0.3312   0.6914          1.6217

Sample Sizes:
          Control Treated
All          2327   20938
Matched      2327    2327
Unmatched       0   18611
Discarded       0       0

