
Call:
matchit(formula = formula, data = all_var_scaled_binary_treatment, 
    method = "nearest", distance = "glm")

Summary of Balance for All Data:
                          Means Treated Means Control Std. Mean Diff. Var. Ratio eCDF Mean eCDF Max
distance                         0.1596        0.0934          0.5817     2.6117    0.2123   0.3072
year2008                         0.0985        0.0930          0.0182          .    0.0054   0.0054
year2009                         0.0439        0.0381          0.0280          .    0.0057   0.0057
year2010                         0.0013        0.0011          0.0053          .    0.0002   0.0002
year2011                         0.0030        0.0115         -0.1552          .    0.0085   0.0085
year2012                         0.1131        0.1027          0.0328          .    0.0104   0.0104
year2013                         0.0000        0.0000         -0.0073          .    0.0000   0.0000
year2014                         0.0954        0.1001         -0.0159          .    0.0047   0.0047
year2015                         0.1350        0.1575         -0.0659          .    0.0225   0.0225
year2016                         0.0860        0.1121         -0.0933          .    0.0262   0.0262
year2017                         0.1311        0.1350         -0.0115          .    0.0039   0.0039
year2018                         0.1217        0.1020          0.0603          .    0.0197   0.0197
year2019                         0.1109        0.0899          0.0668          .    0.0210   0.0210
year2020                         0.0602        0.0569          0.0139          .    0.0033   0.0033
ss_building                      0.1997        0.2553         -0.3090     1.0064    0.1012   0.1616
ss_road                          0.1978        0.1987         -0.0160     1.1014    0.0167   0.0347
ss_sky                           0.1664        0.1667         -0.0038     0.9852    0.0120   0.0428
ss_terrain                       0.0425        0.0294          0.2135     1.7448    0.0813   0.1217
ss_vegetation                    0.2647        0.2070          0.3240     1.3389    0.0924   0.1380
od_person_count                  3.6874        5.7160         -0.2836     0.7010    0.0327   0.1556
od_bicycle_count                 0.1948        0.3833         -0.2383     0.2930    0.0064   0.0605
od_vehicle_count                 9.8074       12.4851         -0.2613     0.9165    0.0454   0.1372
X0_9                             0.1217        0.1213          0.0132     0.8460    0.0228   0.0498
X10_19                           0.1055        0.0999          0.1730     0.7945    0.0497   0.0900
X20_29                           0.1553        0.1794         -0.3574     0.7937    0.1137   0.1713
X30_39                           0.1730        0.1923         -0.3572     0.8989    0.0888   0.1459
X40_49                           0.1435        0.1407          0.1200     1.0257    0.0372   0.0842
X50_59                           0.1200        0.1099          0.3585     1.0225    0.1029   0.1751
X60_69                           0.0852        0.0756          0.3347     1.0729    0.0943   0.1472
X70_79                           0.0568        0.0489          0.3088     1.1203    0.0933   0.1453
X80_89                           0.0313        0.0260          0.2870     1.1994    0.0924   0.1669
IMD_score                       21.8712       25.2714         -0.3146     0.7308    0.0707   0.1720
housing_price_log               13.0109       13.0323         -0.0406     0.9268    0.0103   0.0418
pop_den_log                      7.3354        7.7588         -0.3654     1.3416    0.1134   0.1576
lu_defence                       0.0055        0.0042          0.0446     0.4979    0.0151   0.0355
lu_industry_commerce             3.9189        4.8818         -0.1356     1.1749    0.1480   0.2148
lu_minerals_landfill             0.0138        0.0179         -0.0342     0.4088    0.0046   0.0100
lu_residential                  12.3116       15.2821         -0.4525     0.7231    0.1099   0.1804
lu_transport_utilities          19.7601       23.1792         -0.3821     0.9927    0.1187   0.2002
lu_unknown_developed_use         7.7308        9.4628         -0.2779     0.8404    0.0848   0.1807
lu_agriculture                   5.4321        3.0167          0.1862     2.3090    0.0397   0.0736
lu_forest_open_land_water        7.4924        3.2355          0.3855     2.8733    0.1685   0.2183
lu_outdoor_recreation            8.7780        9.7466         -0.0827     0.5594    0.0250   0.0699
lu_residential_gardens          23.8619       21.3101          0.1609     1.1919    0.0483   0.0881
poi_log                          2.4615        2.9987         -0.2937     1.2030    0.0247   0.1663


Summary of Balance for Matched Data:
                          Means Treated Means Control Std. Mean Diff. Var. Ratio eCDF Mean eCDF Max Std. Pair Dist.
distance                         0.1596        0.1590          0.0049     1.0340    0.0001   0.0082          0.0055
year2008                         0.0985        0.0963          0.0072          .    0.0021   0.0021          0.5816
year2009                         0.0439        0.0460         -0.0105          .    0.0021   0.0021          0.4220
year2010                         0.0013        0.0017         -0.0120          .    0.0004   0.0004          0.0839
year2011                         0.0030        0.0017          0.0235          .    0.0013   0.0013          0.0863
year2012                         0.1131        0.1156         -0.0081          .    0.0026   0.0026          0.6381
year2013                         0.0000        0.0000          0.0000          .    0.0000   0.0000          0.0000
year2014                         0.0954        0.0963         -0.0029          .    0.0009   0.0009          0.6028
year2015                         0.1350        0.1419         -0.0201          .    0.0069   0.0069          0.6668
year2016                         0.0860        0.0907         -0.0169          .    0.0047   0.0047          0.5598
year2017                         0.1311        0.1264          0.0140          .    0.0047   0.0047          0.6738
year2018                         0.1217        0.1152          0.0197          .    0.0064   0.0064          0.6378
year2019                         0.1109        0.1066          0.0137          .    0.0043   0.0043          0.6161
year2020                         0.0602        0.0615         -0.0054          .    0.0013   0.0013          0.4935
ss_building                      0.1997        0.2010         -0.0070     1.0257    0.0106   0.0258          0.9074
ss_road                          0.1978        0.1977          0.0018     1.0395    0.0125   0.0314          1.1076
ss_sky                           0.1664        0.1655          0.0100     0.9930    0.0169   0.0490          1.1130
ss_terrain                       0.0425        0.0412          0.0216     1.2995    0.0090   0.0292          0.8249
ss_vegetation                    0.2647        0.2674         -0.0155     0.9835    0.0182   0.0529          0.9629
od_person_count                  3.6874        3.8298         -0.0199     1.0075    0.0041   0.0133          0.7021
od_bicycle_count                 0.1948        0.1608          0.0429     1.5062    0.0012   0.0086          0.4038
od_vehicle_count                 9.8074        9.8788         -0.0070     0.9177    0.0074   0.0198          1.0155
X0_9                             0.1217        0.1211          0.0184     0.9207    0.0164   0.0512          1.1190
X10_19                           0.1055        0.1048          0.0215     0.8105    0.0130   0.0421          1.1104
X20_29                           0.1553        0.1563         -0.0152     0.9265    0.0100   0.0314          0.8991
X30_39                           0.1730        0.1743         -0.0238     0.8310    0.0269   0.0525          1.0080
X40_49                           0.1435        0.1435         -0.0011     1.0292    0.0113   0.0421          1.0724
X50_59                           0.1200        0.1195          0.0186     0.9590    0.0127   0.0396          0.9749
X60_69                           0.0852        0.0848          0.0126     0.9560    0.0105   0.0348          1.0027
X70_79                           0.0568        0.0567          0.0038     0.8938    0.0074   0.0288          0.9773
X80_89                           0.0313        0.0313          0.0025     0.9441    0.0085   0.0267          0.9838
IMD_score                       21.8712       21.6992          0.0159     0.7893    0.0375   0.0890          1.0960
housing_price_log               13.0109       13.0103          0.0012     1.1017    0.0108   0.0292          1.0622
pop_den_log                      7.3354        7.3356         -0.0002     1.1191    0.0198   0.0520          0.8355
lu_defence                       0.0055        0.0057         -0.0080     0.3709    0.0109   0.0279          0.3754
lu_industry_commerce             3.9189        4.0781         -0.0224     1.1246    0.0448   0.1199          0.7505
lu_minerals_landfill             0.0138        0.0132          0.0052     1.2677    0.0034   0.0112          0.2236
lu_residential                  12.3116       12.3290         -0.0026     0.9148    0.0191   0.0619          0.9135
lu_transport_utilities          19.7601       19.7406          0.0022     0.9562    0.0142   0.0598          0.8631
lu_unknown_developed_use         7.7308        7.8675         -0.0219     0.8447    0.0272   0.1036          0.9213
lu_agriculture                   5.4321        5.7699         -0.0260     1.0014    0.0527   0.1466          0.6441
lu_forest_open_land_water        7.4924        7.1584          0.0302     0.8976    0.0400   0.0920          0.6023
lu_outdoor_recreation            8.7780        8.1537          0.0533     0.8890    0.0271   0.0843          0.9748
lu_residential_gardens          23.8619       23.5940          0.0169     0.9569    0.0116   0.0572          1.0803
poi_log                          2.4615        2.4821         -0.0113     1.1426    0.0123   0.0439          0.9452

Sample Sizes:
          Control Treated
All         20939    2326
Matched      2326    2326
Unmatched   18613       0
Discarded       0       0

