
Call:
matchit(formula = formula, data = all_var_scaled_binary_treatment, 
    method = "nearest", distance = "glm")

Summary of Balance for All Data:
                          Means Treated Means Control Std. Mean Diff. Var. Ratio eCDF Mean eCDF Max
distance                         0.7368        0.6140          0.8252     0.9526    0.2192   0.3239
year2008                         0.0903        0.1011         -0.0377          .    0.0108   0.0108
year2009                         0.0407        0.0341          0.0332          .    0.0066   0.0066
year2010                         0.0012        0.0010          0.0048          .    0.0002   0.0002
year2011                         0.0093        0.0138         -0.0459          .    0.0044   0.0044
year2012                         0.1041        0.1029          0.0041          .    0.0012   0.0012
year2013                         0.0001        0.0000          0.0078          .    0.0001   0.0001
year2014                         0.1014        0.0955          0.0194          .    0.0058   0.0058
year2015                         0.1617        0.1402          0.0583          .    0.0215   0.0215
year2016                         0.1043        0.1218         -0.0572          .    0.0175   0.0175
year2017                         0.1319        0.1410         -0.0267          .    0.0090   0.0090
year2018                         0.1062        0.0986          0.0249          .    0.0077   0.0077
year2019                         0.0927        0.0904          0.0081          .    0.0023   0.0023
year2020                         0.0561        0.0597         -0.0157          .    0.0036   0.0036
ss_building                      0.2555        0.2364          0.1016     1.3640    0.0366   0.0855
ss_road                          0.1984        0.1990         -0.0118     1.0509    0.0067   0.0196
ss_sky                           0.1618        0.1781         -0.1766     1.1457    0.0668   0.1261
ss_terrain                       0.0298        0.0328         -0.0613     0.9488    0.0328   0.0818
ss_vegetation                    0.2129        0.2125          0.0030     1.2021    0.0205   0.0410
od_person_count                  5.9425        4.5120          0.1585     1.7855    0.0235   0.0660
od_bicycle_count                 0.3761        0.3372          0.0269     1.2013    0.0014   0.0122
od_vehicle_count                12.0390       12.6334         -0.0556     0.9975    0.0106   0.0413
X0_9                             0.1175        0.1302         -0.3504     0.9878    0.1042   0.1635
X10_19                           0.0981        0.1059         -0.2142     1.0830    0.0622   0.1305
X20_29                           0.1773        0.1763          0.0134     1.1260    0.0197   0.0437
X30_39                           0.1909        0.1891          0.0316     1.2190    0.0326   0.0729
X40_49                           0.1406        0.1418         -0.0537     1.2196    0.0219   0.0445
X50_59                           0.1117        0.1089          0.0973     1.2723    0.0278   0.0751
X60_69                           0.0784        0.0722          0.2166     1.2549    0.0654   0.1173
X70_79                           0.0514        0.0458          0.2187     1.4371    0.0674   0.1025
X80_89                           0.0275        0.0243          0.1821     1.3315    0.0548   0.0962
IMD_score                       24.0540       26.9782         -0.2393     0.8930    0.0677   0.1365
housing_price_log               13.0897       12.8914          0.3484     1.5538    0.0923   0.1315
pop_den_log                      7.6747        7.8138         -0.1308     1.3267    0.0416   0.0857
lu_defence                       0.0043        0.0043          0.0005     0.6876    0.0026   0.0070
lu_industry_commerce             5.3120        3.5574          0.2404     2.7404    0.0423   0.1192
lu_minerals_landfill             0.0182        0.0158          0.0164     0.3226    0.0126   0.0300
lu_residential                  14.9469       15.0740         -0.0161     1.2210    0.0218   0.0690
lu_transport_utilities          23.3876       21.5538          0.1957     1.3521    0.0612   0.1322
lu_unknown_developed_use         9.2079        9.4805         -0.0396     1.1298    0.0241   0.0665
lu_agriculture                   3.3295        3.0919          0.0246     1.5796    0.0477   0.1439
lu_forest_open_land_water        4.2590        2.2663          0.2511     2.6630    0.1298   0.2079
lu_outdoor_recreation            8.4444       12.4614         -0.2961     0.5409    0.0538   0.0966
lu_residential_gardens          21.0361       22.7996         -0.1175     1.1852    0.0366   0.1006
poi_log                          3.0188        2.7729          0.1391     1.4132    0.0545   0.1272


Summary of Balance for Matched Data:
                          Means Treated Means Control Std. Mean Diff. Var. Ratio eCDF Mean eCDF Max Std. Pair Dist.
distance                         0.8720        0.6140          1.7344     0.1597    0.4866   0.8452          1.7344
year2008                         0.0741        0.1011         -0.0944          .    0.0271   0.0271          0.5542
year2009                         0.0493        0.0341          0.0769          .    0.0152   0.0152          0.4062
year2010                         0.0013        0.0010          0.0084          .    0.0003   0.0003          0.0671
year2011                         0.0052        0.0138         -0.0894          .    0.0086   0.0086          0.1937
year2012                         0.1050        0.1029          0.0070          .    0.0021   0.0021          0.6075
year2013                         0.0001        0.0000          0.0183          .    0.0001   0.0001          0.0183
year2014                         0.1129        0.0955          0.0574          .    0.0173   0.0173          0.6146
year2015                         0.1925        0.1402          0.1420          .    0.0523   0.0523          0.7529
year2016                         0.0822        0.1218         -0.1294          .    0.0395   0.0395          0.6000
year2017                         0.1245        0.1410         -0.0487          .    0.0165   0.0165          0.6989
year2018                         0.1132        0.0986          0.0474          .    0.0146   0.0146          0.6034
year2019                         0.0901        0.0904         -0.0010          .    0.0003   0.0003          0.5709
year2020                         0.0497        0.0597         -0.0436          .    0.0100   0.0100          0.4531
ss_building                      0.2858        0.2364          0.2631     1.6424    0.0823   0.1679          1.1453
ss_road                          0.1978        0.1990         -0.0224     1.0537    0.0093   0.0254          1.1206
ss_sky                           0.1368        0.1781         -0.4485     1.0956    0.1538   0.2614          1.1217
ss_terrain                       0.0263        0.0328         -0.1360     0.8936    0.0771   0.1740          0.8886
ss_vegetation                    0.2118        0.2125         -0.0042     1.4562    0.0469   0.0921          1.1222
od_person_count                  8.3691        4.5120          0.4273     2.8179    0.0622   0.1649          0.9819
od_bicycle_count                 0.4655        0.3372          0.0887     1.4816    0.0045   0.0324          0.5032
od_vehicle_count                11.5022       12.6334         -0.1059     0.8930    0.0192   0.0721          1.0887
X0_9                             0.1009        0.1302         -0.8112     0.8578    0.2379   0.3434          1.2587
X10_19                           0.0879        0.1059         -0.4949     1.0804    0.1451   0.2523          1.1396
X20_29                           0.1806        0.1763          0.0560     1.3273    0.0527   0.0924          1.1098
X30_39                           0.1940        0.1891          0.0839     1.5288    0.0592   0.1276          1.1420
X40_49                           0.1399        0.1418         -0.0815     1.3923    0.0407   0.0817          1.1046
X50_59                           0.1152        0.1089          0.2157     1.4970    0.0483   0.1278          1.1108
X60_69                           0.0857        0.0722          0.4694     1.4721    0.1397   0.2418          1.1565
X70_79                           0.0575        0.0458          0.4565     1.9485    0.1288   0.1928          1.1290
X80_89                           0.0307        0.0243          0.3636     1.8752    0.0945   0.1494          1.0974
IMD_score                       20.6595       26.9782         -0.5170     0.6613    0.1385   0.2485          1.1608
housing_price_log               13.3836       12.8914          0.8646     1.7394    0.2325   0.3564          1.2393
pop_den_log                      7.4604        7.8138         -0.3324     1.5358    0.0967   0.1793          1.0634
lu_defence                       0.0019        0.0043         -0.0614     0.1952    0.0045   0.0107          0.1594
lu_industry_commerce             8.2791        3.5574          0.6469     4.3763    0.0963   0.2944          1.0898
lu_minerals_landfill             0.0262        0.0158          0.0724     0.5540    0.0232   0.0583          0.2907
lu_residential                  14.4676       15.0740         -0.0769     1.4677    0.0562   0.1432          1.1218
lu_transport_utilities          25.6590       21.5538          0.4381     1.8321    0.1257   0.2942          1.1744
lu_unknown_developed_use         9.2475        9.4805         -0.0339     1.2502    0.0322   0.0700          1.0823
lu_agriculture                   3.5315        3.0919          0.0455     1.6266    0.0455   0.1421          0.5862
lu_forest_open_land_water        6.8502        2.2663          0.5776     5.0865    0.2051   0.2723          0.8256
lu_outdoor_recreation            6.0559       12.4614         -0.4722     0.2321    0.0789   0.1654          0.9883
lu_residential_gardens          15.9963       22.7996         -0.4531     1.1598    0.1319   0.2576          1.1450
poi_log                          3.4260        2.7729          0.3695     1.7374    0.1207   0.2560          1.1711

Sample Sizes:
          Control Treated
All          6981   16284
Matched      6981    6981
Unmatched       0    9303
Discarded       0       0

