
Call:
matchit(formula = formula, data = all_var_scaled_binary_treatment, 
    method = "nearest", distance = "glm")

Summary of Balance for All Data:
                          Means Treated Means Control Std. Mean Diff. Var. Ratio eCDF Mean eCDF Max
distance                         0.2526        0.1868          0.5533     1.5118    0.1817   0.2733
year2008                         0.0888        0.0948         -0.0211          .    0.0060   0.0060
year2009                         0.0434        0.0375          0.0291          .    0.0059   0.0059
year2010                         0.0013        0.0011          0.0060          .    0.0002   0.0002
year2011                         0.0067        0.0117         -0.0614          .    0.0050   0.0050
year2012                         0.1073        0.1028          0.0143          .    0.0044   0.0044
year2013                         0.0000        0.0001         -0.0082          .    0.0001   0.0001
year2014                         0.1000        0.0996          0.0013          .    0.0004   0.0004
year2015                         0.1550        0.1553         -0.0009          .    0.0003   0.0003
year2016                         0.0838        0.1159         -0.1158          .    0.0321   0.0321
year2017                         0.1387        0.1336          0.0146          .    0.0050   0.0050
year2018                         0.1167        0.1007          0.0498          .    0.0160   0.0160
year2019                         0.1019        0.0896          0.0408          .    0.0123   0.0123
year2020                         0.0565        0.0574         -0.0037          .    0.0008   0.0008
ss_building                      0.2273        0.2554         -0.1498     1.1096    0.0565   0.0996
ss_road                          0.1989        0.1985          0.0064     1.0966    0.0087   0.0204
ss_sky                           0.1577        0.1689         -0.1206     1.0746    0.0436   0.0785
ss_terrain                       0.0359        0.0294          0.1179     1.4413    0.0313   0.0583
ss_vegetation                    0.2408        0.2058          0.2017     1.3013    0.0534   0.0880
od_person_count                  5.1309        5.6088         -0.0553     1.0650    0.0105   0.0736
od_bicycle_count                 0.3422        0.3700         -0.0159     1.7689    0.0039   0.0342
od_vehicle_count                11.6709       12.3539         -0.0608     1.1344    0.0165   0.0720
X0_9                             0.1189        0.1219         -0.0905     0.8285    0.0301   0.0668
X10_19                           0.0987        0.1009         -0.0623     0.9674    0.0153   0.0420
X20_29                           0.1641        0.1803         -0.2238     0.9143    0.0724   0.1122
X30_39                           0.1829        0.1923         -0.1684     0.9575    0.0423   0.0831
X40_49                           0.1431        0.1404          0.1104     1.2121    0.0294   0.0644
X50_59                           0.1163        0.1095          0.2225     1.2631    0.0539   0.1074
X60_69                           0.0840        0.0747          0.3247     1.0785    0.0933   0.1396
X70_79                           0.0552        0.0483          0.2710     1.1059    0.0857   0.1430
X80_89                           0.0296        0.0258          0.2114     1.1672    0.0668   0.1249
IMD_score                       21.6499       25.7516         -0.3863     0.6869    0.0855   0.1922
housing_price_log               13.1373       13.0034          0.2216     1.3153    0.0557   0.1002
pop_den_log                      7.4905        7.7729         -0.2434     1.4004    0.0725   0.1150
lu_defence                       0.0055        0.0040          0.0448     0.5623    0.0128   0.0266
lu_industry_commerce             4.8573        4.7676          0.0124     1.2514    0.0799   0.1366
lu_minerals_landfill             0.0091        0.0196         -0.1209     0.1882    0.0083   0.0128
lu_residential                  14.1452       15.1950         -0.1304     1.1359    0.0481   0.0867
lu_transport_utilities          22.4605       22.9315         -0.0470     1.3040    0.0366   0.0761
lu_unknown_developed_use         8.5478        9.4751         -0.1333     1.0771    0.0570   0.1338
lu_agriculture                   4.2725        3.0047          0.1067     2.0726    0.0277   0.0783
lu_forest_open_land_water        5.5908        3.1788          0.2607     2.0156    0.1113   0.1543
lu_outdoor_recreation            8.3547        9.9734         -0.1281     0.6324    0.0171   0.0479
lu_residential_gardens          21.5564       21.5675         -0.0007     1.2408    0.0264   0.0675
poi_log                          2.8783        2.9617         -0.0436     1.3740    0.0368   0.0905


Summary of Balance for Matched Data:
                          Means Treated Means Control Std. Mean Diff. Var. Ratio eCDF Mean eCDF Max Std. Pair Dist.
distance                         0.2526        0.2519          0.0056     1.0336    0.0001   0.0052          0.0058
year2008                         0.0888        0.0886          0.0008          .    0.0002   0.0002          0.5600
year2009                         0.0434        0.0439         -0.0021          .    0.0004   0.0004          0.3987
year2010                         0.0013        0.0013          0.0000          .    0.0000   0.0000          0.0026
year2011                         0.0067        0.0069         -0.0026          .    0.0002   0.0002          0.1665
year2012                         0.1073        0.1107         -0.0111          .    0.0034   0.0034          0.6349
year2013                         0.0000        0.0000          0.0000          .    0.0000   0.0000          0.0000
year2014                         0.1000        0.1002         -0.0007          .    0.0002   0.0002          0.6013
year2015                         0.1550        0.1604         -0.0148          .    0.0054   0.0054          0.7395
year2016                         0.0838        0.0714          0.0450          .    0.0125   0.0125          0.5150
year2017                         0.1387        0.1359          0.0081          .    0.0028   0.0028          0.6849
year2018                         0.1167        0.1219         -0.0161          .    0.0052   0.0052          0.6561
year2019                         0.1019        0.0997          0.0071          .    0.0021   0.0021          0.6111
year2020                         0.0565        0.0593         -0.0121          .    0.0028   0.0028          0.4756
ss_building                      0.2273        0.2295         -0.0116     1.0890    0.0176   0.0322          1.0399
ss_road                          0.1989        0.1983          0.0103     1.0799    0.0093   0.0234          1.1063
ss_sky                           0.1577        0.1595         -0.0187     1.0345    0.0129   0.0368          1.0730
ss_terrain                       0.0359        0.0346          0.0243     1.2465    0.0102   0.0344          0.8641
ss_vegetation                    0.2408        0.2388          0.0117     1.0937    0.0129   0.0316          1.0103
od_person_count                  5.1309        4.8237          0.0355     1.2651    0.0077   0.0411          0.7897
od_bicycle_count                 0.3422        0.2964          0.0262     2.4456    0.0023   0.0099          0.3405
od_vehicle_count                11.6709       11.8882         -0.0193     1.0896    0.0091   0.0391          1.0515
X0_9                             0.1189        0.1196         -0.0199     0.8752    0.0229   0.0462          1.1333
X10_19                           0.0987        0.0983          0.0116     1.0288    0.0094   0.0254          1.0829
X20_29                           0.1641        0.1640          0.0008     1.0740    0.0065   0.0193          0.9670
X30_39                           0.1829        0.1843         -0.0254     0.9145    0.0135   0.0342          1.1003
X40_49                           0.1431        0.1432         -0.0007     1.2273    0.0150   0.0314          1.0361
X50_59                           0.1163        0.1155          0.0288     1.2464    0.0303   0.0600          0.9809
X60_69                           0.0840        0.0833          0.0237     0.9963    0.0101   0.0269          0.9654
X70_79                           0.0552        0.0550          0.0088     0.8986    0.0120   0.0340          1.0182
X80_89                           0.0296        0.0296         -0.0010     0.9266    0.0068   0.0282          1.0079
IMD_score                       21.6499       21.6119          0.0036     0.7914    0.0337   0.0761          0.9809
housing_price_log               13.1373       13.1280          0.0153     1.0858    0.0088   0.0350          1.0161
pop_den_log                      7.4905        7.5109         -0.0176     1.1341    0.0176   0.0391          0.9253
lu_defence                       0.0055        0.0063         -0.0269     0.2872    0.0097   0.0209          0.3631
lu_industry_commerce             4.8573        4.8373          0.0028     1.0540    0.0445   0.0860          0.9014
lu_minerals_landfill             0.0091        0.0086          0.0061     1.6131    0.0041   0.0123          0.1980
lu_residential                  14.1452       14.3324         -0.0233     1.0364    0.0149   0.0520          1.0323
lu_transport_utilities          22.4605       22.7271         -0.0266     0.9282    0.0134   0.0449          1.0650
lu_unknown_developed_use         8.5478        8.4336          0.0164     1.0837    0.0158   0.0580          0.9527
lu_agriculture                   4.2725        3.8185          0.0382     1.4946    0.0502   0.1320          0.5843
lu_forest_open_land_water        5.5908        5.2581          0.0360     0.9091    0.0322   0.0735          0.6826
lu_outdoor_recreation            8.3547        8.0785          0.0219     0.9038    0.0169   0.0509          0.8917
lu_residential_gardens          21.5564       22.1748         -0.0387     1.0576    0.0201   0.0503          1.0759
poi_log                          2.8783        2.8787         -0.0002     1.2764    0.0292   0.0782          1.0644

Sample Sizes:
          Control Treated
All         18613    4652
Matched      4652    4652
Unmatched   13961       0
Discarded       0       0

