
Call:
matchit(formula = formula, data = data, method = "nearest", distance = "glm")

Summary of Balance for All Data:
                         Means Treated Means Control Std. Mean Diff. Var. Ratio eCDF Mean eCDF Max
distance                        0.3391        0.2446          0.6169     1.5995    0.1944   0.3030
year2009                        0.2349        0.2743         -0.0930          .    0.0394   0.0394
year2010                        0.0086        0.0144         -0.0620          .    0.0057   0.0057
year2011                        0.0237        0.0072          0.1087          .    0.0165   0.0165
year2012                        0.0302        0.0375         -0.0427          .    0.0073   0.0073
year2014                        0.0194        0.0255         -0.0444          .    0.0061   0.0061
year2015                        0.0884        0.0726          0.0556          .    0.0158   0.0158
year2016                        0.1185        0.1100          0.0263          .    0.0085   0.0085
year2017                        0.0409        0.0494         -0.0429          .    0.0085   0.0085
year2018                        0.1013        0.0670          0.1137          .    0.0343   0.0343
year2019                        0.0905        0.0957         -0.0180          .    0.0052   0.0052
year2020                        0.0388        0.0335          0.0274          .    0.0053   0.0053
year2021                        0.1336        0.1802         -0.1370          .    0.0466   0.0466
year2022                        0.0711        0.0327          0.1495          .    0.0384   0.0384
age_0_19                       18.5123       18.8995         -0.0630     0.8830    0.0277   0.0811
age_20_39                      32.4936       33.0214         -0.0474     0.9545    0.0170   0.0463
age_40_59                      25.9660       25.8105          0.0328     0.9633    0.0149   0.0564
lu_residential_community       83.2626       81.9284          0.0458     0.8819    0.0266   0.0576
slope                          13.7967       12.3718          0.1154     1.7786    0.0180   0.0498
ss_visual_complexity           32.3911       32.9826         -0.1873     1.5130    0.0497   0.1085
ss_construction                 8.8932        9.3254         -0.0663     0.9029    0.0134   0.0418
ss_road_flat                   36.8684       36.9782         -0.0216     1.1025    0.0301   0.0586
ss_marking                      0.8662        0.8273          0.0517     0.8428    0.0361   0.0754
ss_nature                       2.4047        2.1744          0.0912     0.8576    0.0625   0.1104
ss_street_object                0.5723        0.5548          0.0771     0.8218    0.0381   0.0924
od_person_count                 0.2483        0.3501         -0.3609     0.6679    0.0952   0.1580
od_bicycle_count                0.0365        0.0477         -0.1142     0.9355    0.0422   0.0860
od_vehicle_count                5.0261        5.8166         -0.4630     0.9196    0.1289   0.2137
od_animal_count                 0.0007        0.0013         -0.1397     0.3596    0.0115   0.0202
pop_den_log                     8.3513        8.5211         -0.1371     1.1340    0.0424   0.0683
average_income_log             10.2829       10.2722          0.0356     0.8804    0.0149   0.0387
poi_log                         2.1142        2.1618         -0.0288     0.9920    0.0094   0.0378

Summary of Balance for Matched Data:
                         Means Treated Means Control Std. Mean Diff. Var. Ratio eCDF Mean eCDF Max Std. Pair Dist.
distance                        0.3391        0.3282          0.0709     1.2686    0.0056   0.0582          0.0719
year2009                        0.2349        0.2500         -0.0356          .    0.0151   0.0151          0.8490
year2010                        0.0086        0.0086          0.0000          .    0.0000   0.0000          0.0172
year2011                        0.0237        0.0151          0.0567          .    0.0086   0.0086          0.2550
year2012                        0.0302        0.0259          0.0252          .    0.0043   0.0043          0.3276
year2014                        0.0194        0.0151          0.0313          .    0.0043   0.0043          0.2500
year2015                        0.0884        0.0841          0.0152          .    0.0043   0.0043          0.5771
year2016                        0.1185        0.1272         -0.0267          .    0.0086   0.0086          0.6801
year2017                        0.0409        0.0388          0.0109          .    0.0022   0.0022          0.4024
year2018                        0.1013        0.1034         -0.0071          .    0.0022   0.0022          0.5786
year2019                        0.0905        0.1056         -0.0526          .    0.0151   0.0151          0.5784
year2020                        0.0388        0.0388          0.0000          .    0.0000   0.0000          0.0776
year2021                        0.1336        0.1164          0.0507          .    0.0172   0.0172          0.6588
year2022                        0.0711        0.0711          0.0000          .    0.0000   0.0000          0.1164
age_0_19                       18.5123       18.6918         -0.0292     0.9032    0.0220   0.0582          1.1814
age_20_39                      32.4936       31.6945          0.0718     0.9447    0.0335   0.0927          1.1378
age_40_59                      25.9660       26.0972         -0.0277     0.9294    0.0120   0.0388          1.0796
lu_residential_community       83.2626       85.4780         -0.0760     1.1600    0.0350   0.0754          0.7752
slope                          13.7967       13.1165          0.0551     1.4130    0.0147   0.0388          0.8658
ss_visual_complexity           32.3911       32.6223         -0.0732     1.2481    0.0176   0.0625          0.9833
ss_construction                 8.8932        8.5464          0.0532     1.1152    0.0262   0.0625          1.0104
ss_road_flat                   36.8684       37.1010         -0.0457     0.9405    0.0431   0.0905          0.9607
ss_marking                      0.8662        0.8550          0.0149     0.8646    0.0255   0.0668          1.0445
ss_nature                       2.4047        2.3452          0.0236     0.5824    0.0437   0.0884          0.9358
ss_street_object                0.5723        0.5760         -0.0159     0.6391    0.0247   0.0668          1.2366
od_person_count                 0.2483        0.2526         -0.0152     1.2777    0.0215   0.0668          0.7718
od_bicycle_count                0.0365        0.0357          0.0088     1.6656    0.0216   0.0625          0.6113
od_vehicle_count                5.0261        5.1093         -0.0487     0.8684    0.0267   0.0647          0.8733
od_animal_count                 0.0007        0.0006          0.0361     0.7298    0.0036   0.0194          0.3048
pop_den_log                     8.3513        8.3978         -0.0376     1.0821    0.0104   0.0474          0.9810
average_income_log             10.2829       10.2940         -0.0370     0.9140    0.0142   0.0496          1.1199
poi_log                         2.1142        2.1017          0.0075     1.0511    0.0091   0.0259          1.1156

Sample Sizes:
          Control Treated
All          1254     464
Matched       464     464
Unmatched     790       0
Discarded       0       0

