
Call:
matchit(formula = formula, data = data, method = "nearest", distance = "glm")

Summary of Balance for All Data:
                         Means Treated Means Control Std. Mean Diff. Var. Ratio eCDF Mean eCDF Max
distance                        0.9863        0.6707          6.5930     0.0201    0.4190   0.7054
year2010                        0.0009        0.0040         -0.1039          .    0.0031   0.0031
year2011                        0.0228        0.4194         -2.6557          .    0.3965   0.3965
year2012                        0.1380        0.0565          0.2365          .    0.0816   0.0816
year2013                        0.0005        0.0363         -1.6106          .    0.0358   0.0358
year2014                        0.1362        0.1089          0.0798          .    0.0274   0.0274
year2015                        0.1405        0.0847          0.1607          .    0.0558   0.0558
year2016                        0.1305        0.0927          0.1120          .    0.0377   0.0377
year2017                        0.1297        0.0968          0.0981          .    0.0330   0.0330
year2018                        0.1367        0.0524          0.2454          .    0.0843   0.0843
year2019                        0.1641        0.0484          0.3124          .    0.1157   0.1157
age_0_19                       21.6543       20.9488          0.1201     0.8106    0.0329   0.1125
age_20_39                      38.0551       39.0580         -0.0864     0.8374    0.0331   0.0737
age_40_59                      24.9934       24.5427          0.1033     1.0239    0.0285   0.0635
IMD_score                      22.9383       22.5192          0.0378     1.1440    0.0173   0.0465
lu_residential_community        5.6352        4.6499          0.1270     1.2247    0.0556   0.1034
lu_commerce_developed          28.9196       30.1975         -0.0934     0.7928    0.0455   0.1185
ss_visual_complexity           38.6099       25.6413          3.8410     0.0717    0.3527   0.5748
slope                          15.6256       15.8024         -0.0292     1.0269    0.0150   0.0389
ss_construction                12.5932       37.3308         -2.5161     0.0732    0.1500   0.4058
ss_road_flat                   28.6618       17.4149          2.1518     0.0944    0.1712   0.4894
ss_marking                      1.7460        0.6817          0.9864     0.5125    0.3381   0.5865
ss_nature                       0.9706        2.6555         -1.0180     0.0538    0.1725   0.4578
ss_street_object                0.4585        0.4633         -0.0158     0.2626    0.1512   0.2929
od_person_count                 0.6131        0.4713          0.2359     0.3478    0.1430   0.4791
od_bicycle_count                0.0457        0.0392          0.0703     0.2098    0.1051   0.3614
od_vehicle_count                5.1487        3.0212          1.0933     0.3848    0.2561   0.5298
od_animal_count                 0.0015        0.0004          0.1136     5.1260    0.0177   0.0358
pop_den_log                     8.8323        8.5326          0.3262     0.6628    0.0744   0.1579
housing_price_log              13.1175       13.0498          0.1289     1.2647    0.0355   0.0943
poi_log                         3.4430        3.1248          0.2241     0.8152    0.0258   0.0974

Summary of Balance for Matched Data:
                         Means Treated Means Control Std. Mean Diff. Var. Ratio eCDF Mean eCDF Max Std. Pair Dist.
distance                        0.9998        0.6707          6.8749     0.0000    0.9005   0.9960          6.8749
year2010                        0.0000        0.0040         -0.1340          .    0.0040   0.0040          0.1340
year2011                        0.0000        0.4194         -2.8085          .    0.4194   0.4194          2.8085
year2012                        0.0605        0.0565          0.0117          .    0.0040   0.0040          0.3390
year2013                        0.0000        0.0363         -1.6329          .    0.0363   0.0363          1.6329
year2014                        0.0081        0.1089         -0.2939          .    0.1008   0.1008          0.3409
year2015                        0.0040        0.0847         -0.2321          .    0.0806   0.0806          0.2553
year2016                        0.0081        0.0927         -0.2514          .    0.0847   0.0847          0.2993
year2017                        0.0161        0.0968         -0.2400          .    0.0806   0.0806          0.3360
year2018                        0.2984        0.0524          0.7159          .    0.2460   0.2460          0.9272
year2019                        0.6048        0.0484          1.5025          .    0.5565   0.5565          1.5679
age_0_19                       16.0473       20.9488         -0.8341     0.5628    0.2418   0.4153          1.3609
age_20_39                      45.0478       39.0580          0.5163     0.8580    0.1668   0.2944          1.2839
age_40_59                      24.2265       24.5427         -0.0725     1.7469    0.0431   0.1089          1.2447
IMD_score                      23.0121       22.5192          0.0444     0.7570    0.0398   0.1371          0.9979
lu_residential_community        9.5237        4.6499          0.6280     2.6523    0.1823   0.2903          1.0725
lu_commerce_developed          41.5826       30.1975          0.8323     0.9336    0.2130   0.3145          1.4137
ss_visual_complexity           38.4691       25.6413          3.7993     0.0446    0.3033   0.5968          4.1493
slope                          16.1113       15.8024          0.0509     0.5842    0.0641   0.1250          0.9798
ss_construction                24.3226       37.3308         -1.3231     0.0810    0.2526   0.3992          3.5180
ss_road_flat                   24.8862       17.4149          1.4294     0.1990    0.1080   0.4677          3.5946
ss_marking                      3.0655        0.6817          2.2093     1.7744    0.5579   0.6694          2.5745
ss_nature                       0.1908        2.6555         -1.4892     0.0039    0.1492   0.2419          1.6522
ss_street_object                0.8905        0.4633          1.4207     0.6607    0.4304   0.5524          2.2631
od_person_count                 1.8644        0.4713          2.3179     1.6761    0.5174   0.6855          2.8012
od_bicycle_count                0.1716        0.0392          1.4268     0.6137    0.4420   0.7782          2.0908
od_vehicle_count                3.8216        3.0212          0.4113     0.2279    0.1209   0.4718          1.5858
od_animal_count                 0.0193        0.0004          1.9554   106.6185    0.2269   0.3508          2.0348
pop_den_log                     9.1259        8.5326          0.6458     0.4096    0.1738   0.2782          1.1090
housing_price_log              13.4697       13.0498          0.7996     1.1687    0.2252   0.3589          1.2250
poi_log                         5.2456        3.1248          1.4932     0.3399    0.3428   0.5887          1.6488

Sample Sizes:
          Control Treated
All           248   12141
Matched       248     248
Unmatched       0   11893
Discarded       0       0

