
Call:
matchit(formula = formula, data = all_var_scaled_binary_treatment, 
    method = "nearest", distance = "glm")

Summary of Balance for All Data:
             Means Treated Means Control Std. Mean Diff. Var. Ratio eCDF Mean eCDF Max
distance            0.6365        0.3664          1.2167     0.9913    0.3005   0.4539
year2008            0.1026        0.1081         -0.0181          .    0.0055   0.0055
year2009            0.0452        0.0421          0.0150          .    0.0031   0.0031
year2010            0.0009        0.0022         -0.0464          .    0.0014   0.0014
year2011            0.0109        0.0145         -0.0345          .    0.0036   0.0036
year2012            0.1004        0.1136         -0.0441          .    0.0132   0.0132
year2013            0.0001        0.0000          0.0098          .    0.0001   0.0001
year2014            0.0988        0.1057         -0.0229          .    0.0068   0.0068
year2015            0.1307        0.1173          0.0397          .    0.0134   0.0134
year2016            0.1054        0.0923          0.0427          .    0.0131   0.0131
year2017            0.1202        0.1053          0.0459          .    0.0149   0.0149
year2018            0.1125        0.1127         -0.0004          .    0.0001   0.0001
year2019            0.1049        0.1121         -0.0234          .    0.0072   0.0072
year2020            0.0674        0.0742         -0.0274          .    0.0069   0.0069
X0_9                0.1146        0.1312         -0.4273     1.3292    0.1208   0.1956
X10_19              0.0930        0.1106         -0.4984     0.9913    0.1484   0.2375
X20_29              0.2037        0.1535          0.6110     1.7613    0.2043   0.3203
X30_39              0.2072        0.1734          0.6095     1.0305    0.1808   0.2785
X40_49              0.1385        0.1411         -0.1031     1.3791    0.0345   0.0727
X50_59              0.1040        0.1148         -0.3760     1.0783    0.1167   0.1804
X60_69              0.0691        0.0819         -0.4918     0.8185    0.1327   0.2013
X70_79              0.0429        0.0556         -0.5918     0.6576    0.1526   0.2316
X80_89              0.0220        0.0308         -0.6169     0.5704    0.1501   0.2282
X90                 0.0049        0.0072         -0.4199     0.4916    0.1133   0.1798
all_ages_log        7.4089        7.3651          0.0874     1.0586    0.0446   0.1294
IMD_score          27.1269       24.0265          0.2552     0.8421    0.0791   0.1468
poi_log             3.5786        2.0962          0.9358     1.2321    0.1180   0.4155
slope               2.1409        2.2927         -0.1609     0.5727    0.0247   0.0688


Summary of Balance for Matched Data:
             Means Treated Means Control Std. Mean Diff. Var. Ratio eCDF Mean eCDF Max Std. Pair Dist.
distance            0.6411        0.3664          1.2374     0.9464    0.3056   0.4598          1.2374
year2008            0.1034        0.1081         -0.0153          .    0.0047   0.0047          0.6383
year2009            0.0456        0.0421          0.0168          .    0.0035   0.0035          0.4015
year2010            0.0009        0.0022         -0.0462          .    0.0014   0.0014          0.1055
year2011            0.0109        0.0145         -0.0346          .    0.0036   0.0036          0.2423
year2012            0.0997        0.1136         -0.0462          .    0.0139   0.0139          0.6274
year2013            0.0001        0.0000          0.0099          .    0.0001   0.0001          0.0099
year2014            0.0985        0.1057         -0.0241          .    0.0072   0.0072          0.6132
year2015            0.1309        0.1173          0.0403          .    0.0136   0.0136          0.6454
year2016            0.1057        0.0923          0.0436          .    0.0134   0.0134          0.5865
year2017            0.1203        0.1053          0.0462          .    0.0150   0.0150          0.6054
year2018            0.1122        0.1127         -0.0015          .    0.0005   0.0005          0.6310
year2019            0.1046        0.1121         -0.0244          .    0.0075   0.0075          0.6247
year2020            0.0672        0.0742         -0.0279          .    0.0070   0.0070          0.5303
X0_9                0.1145        0.1312         -0.4314     1.3308    0.1221   0.1975          1.0438
X10_19              0.0927        0.1106         -0.5062     0.9861    0.1507   0.2408          1.0729
X20_29              0.2044        0.1535          0.6193     1.7596    0.2073   0.3252          0.9043
X30_39              0.2077        0.1734          0.6190     1.0227    0.1837   0.2820          1.0893
X40_49              0.1385        0.1411         -0.1035     1.3839    0.0347   0.0731          1.0225
X50_59              0.1038        0.1148         -0.3823     1.0754    0.1185   0.1829          1.0951
X60_69              0.0689        0.0819         -0.5003     0.8099    0.1348   0.2044          1.1742
X70_79              0.0427        0.0556         -0.6018     0.6444    0.1550   0.2355          1.2058
X80_89              0.0219        0.0308         -0.6255     0.5634    0.1523   0.2318          1.2124
X90                 0.0049        0.0072         -0.4249     0.4879    0.1148   0.1815          1.0640
all_ages_log        7.4097        7.3651          0.0891     1.0575    0.0451   0.1313          0.8507
IMD_score          27.1995       24.0265          0.2611     0.8413    0.0807   0.1487          1.1931
poi_log             3.6066        2.0962          0.9534     1.1944    0.1192   0.4210          1.0822
slope               2.1385        2.2927         -0.1635     0.5673    0.0251   0.0697          1.2654

Sample Sizes:
          Control Treated
All         10306   10390
Matched     10306   10306
Unmatched       0      84
Discarded       0       0

