
Call:
matchit(formula = formula, data = data, method = "nearest", distance = "glm")

Summary of Balance for All Data:
                         Means Treated Means Control Std. Mean Diff. Var. Ratio eCDF Mean eCDF Max
distance                        0.6024        0.1644          1.7072     1.6019    0.4005   0.6505
year2010                        0.0008        0.0010         -0.0069          .    0.0002   0.0002
year2011                        0.0146        0.0374         -0.1899          .    0.0228   0.0228
year2012                        0.1247        0.1412         -0.0500          .    0.0165   0.0165
year2013                        0.0014        0.0011          0.0064          .    0.0002   0.0002
year2014                        0.1233        0.1408         -0.0530          .    0.0174   0.0174
year2015                        0.1253        0.1452         -0.0603          .    0.0200   0.0200
year2016                        0.1159        0.1354         -0.0610          .    0.0195   0.0195
year2017                        0.1200        0.1328         -0.0393          .    0.0128   0.0128
year2018                        0.1565        0.1262          0.0833          .    0.0303   0.0303
year2019                        0.2174        0.1387          0.1908          .    0.0787   0.0787
age_0_19                       22.6278       21.2319          0.2655     0.7461    0.0626   0.1310
age_20_39                      33.6293       39.9134         -0.5991     0.8213    0.1602   0.2332
age_40_59                      26.0341       24.5503          0.3660     0.8447    0.1051   0.1643
IMD_score                      20.4321       23.9627         -0.3163     1.0525    0.0954   0.1505
lu_residential_community        6.2441        5.3556          0.0986     1.5912    0.0316   0.0635
lu_commerce_developed          22.8539       31.4637         -0.7376     0.7251    0.2066   0.3115
ss_visual_complexity           39.0966       38.0417          0.3693     0.3844    0.0670   0.0960
slope                          16.4551       15.2876          0.1624     1.7126    0.0398   0.1038
ss_construction                 7.2967       15.4831         -1.4942     0.1924    0.2833   0.4369
ss_road_flat                   29.5636       27.9707          0.3395     0.5550    0.0794   0.1151
ss_marking                      1.6015        1.7756         -0.1644     0.9078    0.0541   0.0884
ss_nature                       1.4016        0.8401          0.2400     1.8544    0.1330   0.1774
ss_street_object                0.3303        0.5117         -0.9618     0.3217    0.2208   0.3388
od_person_count                 0.4341        0.6831         -0.5650     0.4499    0.1164   0.1998
od_bicycle_count                0.0379        0.0488         -0.1142     0.9778    0.0413   0.1197
od_vehicle_count                4.8941        5.1938         -0.1471     1.0621    0.0425   0.0761
od_animal_count                 0.0014        0.0015         -0.0082     1.1773    0.0032   0.0087
pop_den_log                     8.6407        8.9031         -0.2658     1.2426    0.0882   0.1450
housing_price_log              13.1583       13.0987          0.1143     0.9902    0.0312   0.0504
poi_log                         3.0426        3.5996         -0.4006     0.9777    0.0605   0.1601

Summary of Balance for Matched Data:
                         Means Treated Means Control Std. Mean Diff. Var. Ratio eCDF Mean eCDF Max Std. Pair Dist.
distance                        0.6024        0.3451          1.0027     1.5794    0.1629   0.4663          1.0028
year2010                        0.0008        0.0006          0.0096          .    0.0003   0.0003          0.0480
year2011                        0.0146        0.0171         -0.0207          .    0.0025   0.0025          0.2597
year2012                        0.1247        0.1399         -0.0459          .    0.0152   0.0152          0.6923
year2013                        0.0014        0.0014          0.0000          .    0.0000   0.0000          0.0028
year2014                        0.1233        0.1465         -0.0705          .    0.0232   0.0232          0.7066
year2015                        0.1253        0.1413         -0.0483          .    0.0160   0.0160          0.7135
year2016                        0.1159        0.1330         -0.0534          .    0.0171   0.0171          0.6810
year2017                        0.1200        0.1300         -0.0306          .    0.0099   0.0099          0.6741
year2018                        0.1565        0.1258          0.0843          .    0.0306   0.0306          0.6525
year2019                        0.2174        0.1645          0.1284          .    0.0530   0.0530          0.7211
age_0_19                       22.6278       22.3490          0.0530     1.0409    0.0119   0.0246          1.1013
age_20_39                      33.6293       36.4558         -0.2695     0.9557    0.0743   0.1164          1.1309
age_40_59                      26.0341       25.2843          0.1850     0.9500    0.0523   0.0886          1.1074
IMD_score                      20.4321       22.5074         -0.1859     1.0137    0.0569   0.0969          1.1348
lu_residential_community        6.2441        6.0637          0.0200     1.0182    0.0138   0.0309          0.8332
lu_commerce_developed          22.8539       26.0314         -0.2722     0.9701    0.0880   0.1485          1.0908
ss_visual_complexity           39.0966       39.2376         -0.0493     1.1904    0.0184   0.0417          1.0281
slope                          16.4551       15.5054          0.1321     1.3643    0.0316   0.0764          0.9916
ss_construction                 7.2967        9.4866         -0.3997     1.1825    0.1224   0.2558          0.9359
ss_road_flat                   29.5636       29.3795          0.0392     1.2589    0.0252   0.0544          0.9786
ss_marking                      1.6015        1.6888         -0.0825     1.0971    0.0350   0.0704          1.0211
ss_nature                       1.4016        0.9805          0.1800     1.6023    0.0913   0.1305          0.6682
ss_street_object                0.3303        0.3858         -0.2946     1.1212    0.0933   0.1752          0.9891
od_person_count                 0.4341        0.5070         -0.1654     0.9830    0.0436   0.1126          0.9869
od_bicycle_count                0.0379        0.0379          0.0003     1.1691    0.0071   0.0350          0.6521
od_vehicle_count                4.8941        5.4413         -0.2687     1.1206    0.0790   0.1206          1.0500
od_animal_count                 0.0014        0.0013          0.0148     1.2819    0.0023   0.0047          0.2600
pop_den_log                     8.6407        8.8351         -0.1970     1.2214    0.0618   0.1198          1.0137
housing_price_log              13.1583       13.0883          0.1342     1.0574    0.0368   0.0640          1.0872
poi_log                         3.0426        3.2292         -0.1343     1.1840    0.0105   0.0753          1.0761

Sample Sizes:
          Control Treated
All          8765    3624
Matched      3624    3624
Unmatched    5141       0
Discarded       0       0

