
Call:
matchit(formula = formula, data = data, method = "nearest", distance = "glm")

Summary of Balance for All Data:
                         Means Treated Means Control Std. Mean Diff. Var. Ratio eCDF Mean eCDF Max
distance                        0.2123        0.1366          0.6977     1.3560    0.2083   0.3357
year2010                        0.0000        0.0011         -0.0365          .    0.0011   0.0011
year2011                        0.0076        0.0348         -0.3113          .    0.0271   0.0271
year2012                        0.0737        0.1473         -0.2814          .    0.0736   0.0736
year2013                        0.0000        0.0014         -0.0409          .    0.0014   0.0014
year2014                        0.0836        0.1447         -0.2210          .    0.0612   0.0612
year2015                        0.0978        0.1466         -0.1645          .    0.0489   0.0489
year2016                        0.0797        0.1384         -0.2165          .    0.0586   0.0586
year2017                        0.0847        0.1368         -0.1872          .    0.0521   0.0521
year2018                        0.2496        0.1152          0.3106          .    0.1344   0.1344
year2019                        0.3233        0.1337          0.4053          .    0.1896   0.1896
age_0_19                       21.4468       21.6738         -0.0402     0.9081    0.0117   0.0314
age_20_39                      37.7851       38.1255         -0.0292     1.0035    0.0114   0.0371
age_40_59                      25.1643       24.9531          0.0498     0.9357    0.0179   0.0428
IMD_score                      21.7397       23.1363         -0.1307     0.9201    0.0333   0.0505
lu_residential_community        5.8459        5.5756          0.0359     0.9336    0.0205   0.0605
lu_commerce_developed          28.9651       28.9418          0.0017     0.9845    0.0100   0.0230
ss_visual_complexity           38.2940       38.3600         -0.0248     0.3633    0.0658   0.1324
slope                          15.8284       15.5946          0.0370     1.1028    0.0101   0.0280
ss_construction                13.4186       13.0311          0.0424     0.5904    0.0399   0.0622
ss_road_flat                   29.5563       28.2425          0.2623     0.6875    0.0802   0.1678
ss_marking                      1.8014        1.7113          0.0873     0.8642    0.0323   0.0589
ss_nature                       0.8079        1.0384         -0.1797     0.4002    0.0322   0.0553
ss_street_object                0.5018        0.4511          0.1849     0.7619    0.0683   0.1018
od_person_count                 0.6996        0.5947          0.1569     1.2387    0.0458   0.0908
od_bicycle_count                0.0555        0.0439          0.1316     0.8232    0.0481   0.1386
od_vehicle_count                5.0305        5.1192         -0.0525     0.6815    0.0299   0.0537
od_animal_count                 0.0019        0.0014          0.0535     0.8607    0.0113   0.0252
pop_den_log                     8.9252        8.8092          0.1398     0.7814    0.0298   0.0470
housing_price_log              13.2004       13.1015          0.2015     0.8628    0.0644   0.1158
poi_log                         3.5934        3.4094          0.1278     1.0272    0.0273   0.0575

Summary of Balance for Matched Data:
                         Means Treated Means Control Std. Mean Diff. Var. Ratio eCDF Mean eCDF Max Std. Pair Dist.
distance                        0.2123        0.2122          0.0005     1.0020    0.0001   0.0027          0.0008
year2010                        0.0000        0.0000          0.0000          .    0.0000   0.0000          0.0000
year2011                        0.0076        0.0022          0.0627          .    0.0055   0.0055          0.0878
year2012                        0.0737        0.0737          0.0000          .    0.0000   0.0000          0.1180
year2013                        0.0000        0.0000          0.0000          .    0.0000   0.0000          0.0000
year2014                        0.0836        0.0830          0.0020          .    0.0005   0.0005          0.4717
year2015                        0.0978        0.1021         -0.0147          .    0.0044   0.0044          0.4965
year2016                        0.0797        0.0814         -0.0060          .    0.0016   0.0016          0.5182
year2017                        0.0847        0.0841          0.0020          .    0.0005   0.0005          0.5042
year2018                        0.2496        0.2600         -0.0240          .    0.0104   0.0104          0.6398
year2019                        0.3233        0.3135          0.0210          .    0.0098   0.0098          0.5838
age_0_19                       21.4468       21.4931         -0.0082     1.0166    0.0066   0.0213          1.0727
age_20_39                      37.7851       38.0410         -0.0220     1.0200    0.0131   0.0431          1.0887
age_40_59                      25.1643       25.2020         -0.0089     0.9486    0.0085   0.0213          1.0973
IMD_score                      21.7397       22.0000         -0.0244     1.0244    0.0088   0.0289          1.0899
lu_residential_community        5.8459        5.7616          0.0112     0.9300    0.0183   0.0568          0.8692
lu_commerce_developed          28.9651       29.0118         -0.0034     1.0873    0.0149   0.0393          1.0505
ss_visual_complexity           38.2940       38.4111         -0.0440     1.0676    0.0127   0.0448          0.6493
slope                          15.8284       15.6389          0.0300     1.0688    0.0084   0.0240          1.0506
ss_construction                13.4186       13.0963          0.0353     1.2083    0.0111   0.0273          0.9228
ss_road_flat                   29.5563       29.8309         -0.0548     1.0529    0.0108   0.0273          0.7040
ss_marking                      1.8014        1.8458         -0.0430     0.7947    0.0135   0.0344          1.1142
ss_nature                       0.8079        0.8086         -0.0005     0.7528    0.0351   0.0699          0.8446
ss_street_object                0.5018        0.4986          0.0118     0.8585    0.0163   0.0404          1.0190
od_person_count                 0.6996        0.6768          0.0342     0.9583    0.0108   0.0470          0.8288
od_bicycle_count                0.0555        0.0531          0.0275     0.7166    0.0186   0.0830          0.8657
od_vehicle_count                5.0305        5.0833         -0.0312     0.7420    0.0173   0.0421          1.1862
od_animal_count                 0.0019        0.0015          0.0387     1.3419    0.0053   0.0142          0.3561
pop_den_log                     8.9252        8.9608         -0.0430     1.0009    0.0138   0.0470          0.9971
housing_price_log              13.2004       13.1958          0.0094     0.8777    0.0192   0.0399          1.0745
poi_log                         3.5934        3.6208         -0.0190     1.1365    0.0135   0.0360          1.0618

Sample Sizes:
          Control Treated
All         10558    1831
Matched      1831    1831
Unmatched    8727       0
Discarded       0       0

