all_var 

 36  Variables      29537  Observations
----------------------------------------------------------------------------------------------------------------------------------------------------------------
count 
       n  missing distinct     Info     Mean      Gmd      .05      .10      .25      .50      .75      .90      .95 
   29537        0     3527        1    637.9    891.3        3       15       56      188      705     1812     2836 

lowest :     0     1     2     3     4, highest: 11819 11844 11966 12250 12445
----------------------------------------------------------------------------------------------------------------------------------------------------------------
year 
       n  missing distinct     Info     Mean      Gmd      .05      .10      .25      .50      .75      .90      .95 
   29537        0       13    0.994     2014    4.391     2008     2009     2011     2014     2017     2019     2020 
                                                                                                                  
Value      2008.00 2008.96 2009.92 2011.00 2011.96 2012.92 2014.00 2014.96 2015.92 2017.00 2017.96 2018.92 2020.00
Frequency     2579    2486    2106    2166    2162    2160    2168    2172    2175    2166    2432    2725    2040
Proportion   0.087   0.084   0.071   0.073   0.073   0.073   0.073   0.074   0.074   0.073   0.082   0.092   0.069

For the frequency table, variable is rounded to the nearest 0.12
----------------------------------------------------------------------------------------------------------------------------------------------------------------
age_0_19 
       n  missing distinct     Info     Mean      Gmd      .05      .10      .25      .50      .75      .90      .95 
   29537        0    18493        1    22.47    6.835    12.19    14.29    18.42    22.76    26.43    29.88    32.30 

lowest : 3.05755 3.87532 3.88406 3.9629  4.21324, highest: 51.5009 52.3077 53.0694 53.4342 53.4762
----------------------------------------------------------------------------------------------------------------------------------------------------------------
age_20_39 
       n  missing distinct     Info     Mean      Gmd      .05      .10      .25      .50      .75      .90      .95 
   29537        0    19008        1     36.8    13.02    20.14    23.19    28.18    35.04    44.47    52.47    57.75 

lowest : 10.7864 10.9081 11.1171 11.2991 11.4835, highest: 78.902  79.2547 80.0568 80.1082 80.3384
----------------------------------------------------------------------------------------------------------------------------------------------------------------
age_40_59 
       n  missing distinct     Info     Mean      Gmd      .05      .10      .25      .50      .75      .90      .95 
   29537        0    18104        1    24.83    4.612    17.19    19.23    22.49    25.18    27.64    29.62    30.80 

lowest : 5.9761  6.43581 6.59054 6.8368  6.92722, highest: 40.1327 40.5844 40.6031 40.9058 40.9279
----------------------------------------------------------------------------------------------------------------------------------------------------------------
age_60_90 
       n  missing distinct     Info     Mean      Gmd      .05      .10      .25      .50      .75      .90      .95 
   29537        0    18663        1    15.89    7.505    6.609    8.202   10.954   15.027   19.604   25.331   28.549 

lowest : 1.45867 1.4652  1.57195 1.70279 1.732  , highest: 49.6746 49.8849 50.189  50.2602 52.0538
----------------------------------------------------------------------------------------------------------------------------------------------------------------
IMD_score 
       n  missing distinct     Info     Mean      Gmd      .05      .10      .25      .50      .75      .90      .95 
   21686     7851    14237        1    23.42    13.17    7.299    9.069   13.934   22.122   31.541   39.483   44.317 

lowest : 2.173   2.1796  2.1862  2.19279 2.19939, highest: 63.4269 63.963  64.0898 64.677  66.2075
----------------------------------------------------------------------------------------------------------------------------------------------------------------
lu_residential_community 
       n  missing distinct     Info     Mean      Gmd      .05      .10      .25      .50      .75      .90      .95 
   29537        0     2154        1    5.639     6.66   0.1736   0.2961   0.9763   3.0166   7.2350  13.7588  18.9077 

lowest : 0.0180946 0.0226047 0.0229372 0.0231088 0.0265651, highest: 59.4762   62.6215   66.8017   67.1046   79.9311  
----------------------------------------------------------------------------------------------------------------------------------------------------------------
lu_commerce_developed 
       n  missing distinct     Info     Mean      Gmd      .05      .10      .25      .50      .75      .90      .95 
   29537        0     2154        1    27.11    15.03     8.30    11.63    17.49    25.11    34.34    45.88    53.42 

lowest : 2.34518 2.3577  2.65177 2.83005 3.00541, highest: 66.6166 68.7059 70.512  74.379  77.4956
----------------------------------------------------------------------------------------------------------------------------------------------------------------
lu_others 
       n  missing distinct     Info     Mean      Gmd      .05      .10      .25      .50      .75      .90      .95 
   29537        0     2154        1    43.08    24.73    7.331   14.274   27.048   41.897   57.902   73.899   81.384 

lowest : 2.35229 2.87113 2.98926 3.54265 3.94703, highest: 93.3129 93.4702 94.0476 94.0864 95.7165
----------------------------------------------------------------------------------------------------------------------------------------------------------------
ss_curb 
       n  missing distinct     Info     Mean      Gmd      .05      .10      .25      .50      .75      .90      .95 
   16750    12787    16483        1   0.8178   0.3631   0.2877   0.4203   0.6162   0.8099   1.0064   1.2052   1.3556 

lowest : 0          0.00570205 0.00938678 0.0138693  0.0146587 , highest: 3.3871     3.70388    3.88713    5.64751    6.57958   
----------------------------------------------------------------------------------------------------------------------------------------------------------------
ss_parking 
       n  missing distinct     Info     Mean      Gmd      .05      .10      .25      .50      .75      .90      .95 
   16750    12787     4030    0.562  0.02259  0.04046  0.00000  0.00000  0.00000  0.00000  0.00000  0.06654  0.12632 

lowest : 0           3.51054e-05 3.62024e-05 0.000126354 0.000146939, highest: 1.44129     1.53973     1.73557     1.78001     2.14918    
----------------------------------------------------------------------------------------------------------------------------------------------------------------
ss_vegetation 
       n  missing distinct     Info     Mean      Gmd      .05      .10      .25      .50      .75      .90      .95 
   16750    12787    16638        1    10.28    8.537    0.899    1.821    4.407    8.523   13.950   21.049   25.884 

lowest : 0          0.0042581  0.00446014 0.00517333 0.00564165, highest: 53.5704    53.5747    57.2955    61.5966    67.0909   
----------------------------------------------------------------------------------------------------------------------------------------------------------------
ss_sidewalk 
       n  missing distinct     Info     Mean      Gmd      .05      .10      .25      .50      .75      .90      .95 
   16750    12787    16447        1    3.141    2.008   0.5959   1.1660   1.9826   2.8298   3.8305   4.9625   6.0676 

lowest : 0          0.00227258 0.00352672 0.00400445 0.0079262 , highest: 27.6205    28.3931    31.6372    32.5791    37.6822   
----------------------------------------------------------------------------------------------------------------------------------------------------------------
ss_guard_rail 
       n  missing distinct     Info     Mean      Gmd      .05      .10      .25      .50      .75      .90      .95 
   16750    12787     2890    0.434  0.02534   0.0486  0.00000  0.00000  0.00000  0.00000  0.00000  0.01781  0.07362 

lowest : 0           0.000258053 0.000648748 0.000830889 0.000865285, highest: 2.05466     2.12131     2.14262     2.62685     2.82843    
----------------------------------------------------------------------------------------------------------------------------------------------------------------
ss_bike_lane 
       n  missing distinct     Info     Mean      Gmd      .05      .10      .25      .50      .75      .90      .95 
   16750    12787     5413     0.69    0.114   0.2007  0.00000  0.00000  0.00000  0.00000  0.04499  0.33481  0.67228 

lowest : 0           5.11828e-05 0.000160168 0.000195761 0.000273879, highest: 6.05221     6.54511     6.5584      8.1727      8.3599     
----------------------------------------------------------------------------------------------------------------------------------------------------------------
ss_street_light 
       n  missing distinct     Info     Mean      Gmd      .05      .10      .25      .50      .75      .90      .95 
   16750    12787    12000     0.98 0.008902  0.01289 0.000000 0.000000 0.000000 0.003717 0.008649 0.016299 0.024571 

lowest : 0           1.64557e-06 1.53328e-05 2.8962e-05  3.29113e-05, highest: 0.965375    0.991223    1.23636     1.29885     1.61753    
----------------------------------------------------------------------------------------------------------------------------------------------------------------
ss_curb_cut 
       n  missing distinct     Info     Mean      Gmd      .05      .10      .25      .50      .75      .90      .95 
   16750    12787     4134    0.575 0.005768  0.01022  0.00000  0.00000  0.00000  0.00000  0.00000  0.01741  0.03110 

lowest : 0           2.02295e-05 0.000214952 0.000244367 0.000322319, highest: 0.463565    0.483882    0.616021    0.627171    0.830798   
----------------------------------------------------------------------------------------------------------------------------------------------------------------
ss_bench 
       n  missing distinct     Info     Mean      Gmd      .05      .10      .25      .50      .75      .90      .95 
   16750    12787      739    0.127  0.00136 0.002692        0        0        0        0        0        0        0 

lowest : 0           5.49279e-05 0.000231083 0.000433451 0.000545166, highest: 0.523524    1.26243     1.29655     1.93579     3.22904    
----------------------------------------------------------------------------------------------------------------------------------------------------------------
ss_pedestrian_area 
       n  missing distinct     Info     Mean      Gmd      .05      .10      .25      .50      .75      .90      .95 
   16750    12787      514    0.089  0.09402    0.186        0        0        0        0        0        0        0 

lowest : 0          0.0023692  0.00279621 0.00319898 0.00355991, highest: 23.4681    24.9569    27.6244    29.1929    29.9945   
----------------------------------------------------------------------------------------------------------------------------------------------------------------
ss_bike_rack 
        n   missing  distinct      Info      Mean       Gmd       .05       .10       .25       .50       .75       .90       .95 
    16750     12787       397     0.069 0.0003674  0.000728         0         0         0         0         0         0         0 

lowest : 0           8.09231e-05 0.000862155 0.00092537  0.00111172 , highest: 0.131913    0.14987     0.173578    0.277642    0.5022     
----------------------------------------------------------------------------------------------------------------------------------------------------------------
ss_pothole 
        n   missing  distinct      Info      Mean       Gmd       .05       .10       .25       .50       .75       .90       .95 
    16750     12787       404     0.071 0.0004195 0.0008298         0         0         0         0         0         0         0 

lowest : 0           0.000608037 0.000835389 0.00110306  0.00132356 , highest: 0.122287    0.127101    0.144084    0.155757    0.483641   
----------------------------------------------------------------------------------------------------------------------------------------------------------------
ss_visual_complexity 
        n   missing  distinct      Info      Mean       Gmd 
    16750     12787         2         0         1 9.686e-05 
                              
Value      0.1888094 1.0000000
Frequency          1     16749
Proportion         0         1
----------------------------------------------------------------------------------------------------------------------------------------------------------------
slope 
       n  missing distinct     Info     Mean      Gmd      .05      .10      .25      .50      .75      .90      .95 
   29537        0     3541        1    15.67    6.832    6.987    8.431   10.939   15.176   19.439   23.292   26.284 

lowest : 4.08367 4.38142 4.40637 4.40977 4.43921, highest: 43.4247 43.8764 44.057  44.4444 46.2746
----------------------------------------------------------------------------------------------------------------------------------------------------------------
ss_construction 
       n  missing distinct     Info     Mean      Gmd      .05      .10      .25      .50      .75      .90      .95 
   16750    12787    16711        1    13.49    10.27    2.568    3.861    6.632   11.081   17.059   26.433   32.491 

lowest : 0         0.0131958 0.0340913 0.0363835 0.0376143, highest: 97.9      98.0703   98.2741   99.3379   99.9004  
----------------------------------------------------------------------------------------------------------------------------------------------------------------
ss_road_flat 
       n  missing distinct     Info     Mean      Gmd      .05      .10      .25      .50      .75      .90      .95 
   16750    12787    16700        1    32.48    4.549    25.35    28.44    31.21    33.29    35.07    36.69    37.75 

lowest : 0        0.179076 0.193466 0.285655 0.323409, highest: 44.3266  46.298   46.6884  52.4298  91.5459 
----------------------------------------------------------------------------------------------------------------------------------------------------------------
ss_marking 
       n  missing distinct     Info     Mean      Gmd      .05      .10      .25      .50      .75      .90      .95 
   16750    12787    16482        1    1.999    1.426   0.2778   0.5678   1.1044   1.7492   2.5575   3.6064   4.4197 

lowest : 0           0.000588099 0.00099606  0.00125087  0.00125157 , highest: 27.3602     30.1204     37.1779     38.1698     39.3715    
----------------------------------------------------------------------------------------------------------------------------------------------------------------
ss_nature 
       n  missing distinct     Info     Mean      Gmd      .05      .10      .25      .50      .75      .90      .95 
   16750    12787    13662    0.994   0.6883    1.045   0.0000   0.0000   0.0137   0.1359   0.6970   2.0164   3.1817 

lowest : 0           3.94624e-05 5.17178e-05 7.87818e-05 0.000175936, highest: 32.2714     33.9497     35.904      36.6202     41.4148    
----------------------------------------------------------------------------------------------------------------------------------------------------------------
ss_street_object 
       n  missing distinct     Info     Mean      Gmd      .05      .10      .25      .50      .75      .90      .95 
   16750    12787    16671        1    0.552   0.3526   0.1663   0.2211   0.3223   0.4725   0.6962   0.9789   1.1962 

lowest : 0          0.00028962 0.00364921 0.00396158 0.00473091, highest: 5.55449    5.79136    5.85304    6.03932    9.78283   
----------------------------------------------------------------------------------------------------------------------------------------------------------------
od_person_count 
       n  missing distinct     Info     Mean      Gmd      .05      .10      .25      .50      .75      .90      .95 
   16750    12787     2360    0.999     0.64    0.646   0.0000   0.0000   0.2000   0.4706   0.8462   1.4000   1.9286 

lowest : 0          0.00724638 0.00900901 0.0117647  0.012987  , highest: 6.77419    7.25       7.2549     8          8.7037    
----------------------------------------------------------------------------------------------------------------------------------------------------------------
od_bicycle_count 
       n  missing distinct     Info     Mean      Gmd      .05      .10      .25      .50      .75      .90      .95 
   16750    12787      998     0.83  0.05679  0.08622   0.0000   0.0000   0.0000   0.0000   0.0750   0.1714   0.2500 

lowest : 0          0.00649351 0.00854701 0.00869565 0.00925926, highest: 2          2.25       2.5        2.83333    3         
----------------------------------------------------------------------------------------------------------------------------------------------------------------
od_vehicle_count 
       n  missing distinct     Info     Mean      Gmd      .05      .10      .25      .50      .75      .90      .95 
   16750    12787     6599        1     4.64    2.231    1.470    2.136    3.316    4.544    5.842    7.200    8.207 

lowest : 0         0.027027  0.037037  0.05      0.0561798, highest: 12.4286   12.5      13        13.5      14       
----------------------------------------------------------------------------------------------------------------------------------------------------------------
od_animal_count 
       n  missing distinct     Info     Mean      Gmd      .05      .10      .25      .50      .75      .90      .95 
   16750    12787      152    0.111 0.001684 0.003291        0        0        0        0        0        0        0 

lowest : 0          0.00775194 0.00833333 0.00840336 0.00900901, highest: 0.25       0.333333   0.363636   0.5        0.666667  
----------------------------------------------------------------------------------------------------------------------------------------------------------------
pop_den_log 
       n  missing distinct     Info     Mean      Gmd      .05      .10      .25      .50      .75      .90      .95 
   29537        0    19208        1    8.668    1.037    6.682    7.367    8.258    8.828    9.350    9.692    9.870 

lowest : 4.70337 4.71647 4.7266  4.77149 4.80518, highest: 10.7339 10.7351 10.7706 10.8144 10.8625
----------------------------------------------------------------------------------------------------------------------------------------------------------------
housing_price_log 
       n  missing distinct     Info     Mean      Gmd      .05      .10      .25      .50      .75      .90      .95 
   29093      444    11270        1    12.91   0.5932    12.16    12.28    12.51    12.85    13.22    13.61    13.89 

lowest : 11.4076 11.4152 11.4734 11.4745 11.5485, highest: 15.2154 15.4047 15.4515 15.458  15.5372
----------------------------------------------------------------------------------------------------------------------------------------------------------------
poi_log 
       n  missing distinct     Info     Mean      Gmd      .05      .10      .25      .50      .75      .90      .95 
   29537        0      590    0.999    2.771    1.805   0.0000   0.6931   1.6094   2.7081   3.9318   4.9373   5.3706 

lowest : 0        0.693147 1.09861  1.38629  1.60944 , highest: 6.68211  6.69456  6.71296  6.74406  6.77992 
----------------------------------------------------------------------------------------------------------------------------------------------------------------
