
Call:
matchit(formula = formula, data = data, method = "nearest", distance = "glm")

Summary of Balance for All Data:
                         Means Treated Means Control Std. Mean Diff. Var. Ratio eCDF Mean eCDF Max
distance                        0.7781        0.6794          0.8096     0.7363    0.2057   0.3177
year2009                        0.2795        0.2151          0.1435          .    0.0644   0.0644
year2010                        0.0077        0.0284         -0.2359          .    0.0206   0.0206
year2011                        0.0124        0.0095          0.0262          .    0.0029   0.0029
year2012                        0.0340        0.0402         -0.0343          .    0.0062   0.0062
year2014                        0.0286        0.0095          0.1147          .    0.0191   0.0191
year2015                        0.0788        0.0709          0.0291          .    0.0078   0.0078
year2016                        0.1197        0.0898          0.0920          .    0.0299   0.0299
year2017                        0.0463        0.0496         -0.0158          .    0.0033   0.0033
year2018                        0.0803        0.0638          0.0606          .    0.0165   0.0165
year2019                        0.0896        0.1087         -0.0671          .    0.0192   0.0192
year2020                        0.0309        0.0473         -0.0948          .    0.0164   0.0164
year2021                        0.1467        0.2317         -0.2401          .    0.0850   0.0850
year2022                        0.0456        0.0355          0.0484          .    0.0101   0.0101
age_0_19                       18.5236       19.6256         -0.1681     1.2034    0.0468   0.1168
age_20_39                      33.5845       30.7186          0.2463     1.3595    0.0674   0.1409
age_40_59                      25.8134       25.9720         -0.0325     1.1433    0.0185   0.0486
lu_residential_community       81.9816       83.2291         -0.0401     1.1700    0.0245   0.0694
slope                          12.5152       13.4958         -0.0995     0.7773    0.0209   0.0512
ss_visual_complexity           32.9328       32.4861          0.1599     1.1668    0.0670   0.1394
ss_construction                 9.6977        7.7117          0.2808     1.6655    0.0881   0.1394
ss_road_flat                   36.5535       38.1582         -0.3287     1.0357    0.1300   0.2166
ss_marking                      0.8198        0.8930         -0.0952     0.7354    0.0202   0.0603
ss_nature                       2.3137        2.0006          0.1217     0.7553    0.0498   0.0828
ss_street_object                0.5814        0.4926          0.3857     0.7062    0.1392   0.2256
od_person_count                 0.3378        0.2761          0.1832     1.1479    0.0614   0.1292
od_bicycle_count                0.0476        0.0356          0.1193     1.0357    0.0491   0.1505
od_vehicle_count                5.5801        5.6735         -0.0546     0.7094    0.0380   0.0625
od_animal_count                 0.0013        0.0009          0.0588     0.8638    0.0111   0.0266
pop_den_log                     8.4884        8.4350          0.0452     0.9644    0.0162   0.0386
average_income_log             10.2852       10.2441          0.1277     1.2325    0.0290   0.0964
poi_log                         2.2110        1.9588          0.1497     1.1696    0.0416   0.0921

Summary of Balance for Matched Data:
                         Means Treated Means Control Std. Mean Diff. Var. Ratio eCDF Mean eCDF Max Std. Pair Dist.
distance                        0.9000        0.6794          1.8091     0.0548    0.5189   0.8983          1.8091
year2009                        0.3333        0.2151          0.2634          .    0.1182   0.1182          0.9482
year2010                        0.0000        0.0284         -0.3241          .    0.0284   0.0284          0.3241
year2011                        0.0165        0.0095          0.0642          .    0.0071   0.0071          0.2354
year2012                        0.0142        0.0402         -0.1435          .    0.0260   0.0260          0.3001
year2014                        0.0780        0.0095          0.4115          .    0.0686   0.0686          0.4967
year2015                        0.0875        0.0709          0.0614          .    0.0165   0.0165          0.4827
year2016                        0.1324        0.0898          0.1311          .    0.0426   0.0426          0.5681
year2017                        0.0355        0.0496         -0.0675          .    0.0142   0.0142          0.3824
year2018                        0.1277        0.0638          0.2349          .    0.0638   0.0638          0.6524
year2019                        0.0733        0.1087         -0.1242          .    0.0355   0.0355          0.6209
year2020                        0.0142        0.0473         -0.1913          .    0.0331   0.0331          0.3553
year2021                        0.0378        0.2317         -0.5479          .    0.1939   0.1939          0.7216
year2022                        0.0496        0.0355          0.0680          .    0.0142   0.0142          0.4081
age_0_19                       16.7099       19.6256         -0.4446     1.2522    0.1288   0.2719          1.1387
age_20_39                      38.5662       30.7186          0.6744     1.6244    0.1820   0.3286          1.2837
age_40_59                      25.5102       25.9720         -0.0946     1.1289    0.0392   0.1111          1.1001
lu_residential_community       78.5756       83.2291         -0.1496     1.5153    0.0443   0.1135          0.9000
slope                          11.0974       13.4958         -0.2434     0.4351    0.0482   0.1111          0.9748
ss_visual_complexity           33.6006       32.4861          0.3989     1.5465    0.1604   0.2861          1.1423
ss_construction                13.4543        7.7117          0.8120     2.3548    0.2435   0.3783          1.1741
ss_road_flat                   33.5026       38.1582         -0.9535     1.6520    0.3005   0.4492          1.2948
ss_marking                      0.7172        0.8930         -0.2287     0.7332    0.0634   0.1064          1.0591
ss_nature                       2.9954        2.0006          0.3867     1.3070    0.0916   0.1820          1.0762
ss_street_object                0.7167        0.4926          0.9732     0.9278    0.2905   0.4374          1.4044
od_person_count                 0.4674        0.2761          0.5679     1.6644    0.1678   0.2553          1.1964
od_bicycle_count                0.0704        0.0356          0.3452     1.5238    0.1179   0.2742          0.8404
od_vehicle_count                5.3882        5.6735         -0.1668     0.6861    0.0598   0.1111          1.2421
od_animal_count                 0.0015        0.0009          0.1020     1.0866    0.0153   0.0355          0.3793
pop_den_log                     8.5997        8.4350          0.1396     0.8661    0.0379   0.0804          1.0387
average_income_log             10.3786       10.2441          0.4175     1.4609    0.1003   0.2530          1.1659
poi_log                         2.6286        1.9588          0.3977     1.2357    0.0983   0.1891          1.1874

Sample Sizes:
          Control Treated
All           423    1295
Matched       423     423
Unmatched       0     872
Discarded       0       0

