all_var 

 38  Variables      25467  Observations
-------------------------------------------------------------------------------------------
pedal_cycles 
       n  missing distinct     Info     Mean      Gmd      .05      .10      .25      .50 
   25467        0     2905        1    763.5     1017        4       21       80      279 
     .75      .90      .95 
     949     2099     3147 

lowest :     0     1     2     3     4, highest: 11402 11819 11844 11966 12250
-------------------------------------------------------------------------------------------
year 
       n  missing distinct     Info     Mean      Gmd      .05      .10      .25      .50 
   25467        0       13    0.987     2015    3.771     2008     2009     2014     2015 
     .75      .90      .95 
    2018     2019     2020 

lowest : 2008 2009 2010 2011 2012, highest: 2016 2017 2018 2019 2020
                                                                                        
Value       2008  2009  2010  2011  2012  2013  2014  2015  2016  2017  2018  2019  2020
Frequency   2361   966    30   262  2613     1  2549  3968  2818  3507  2625  2310  1457
Proportion 0.093 0.038 0.001 0.010 0.103 0.000 0.100 0.156 0.111 0.138 0.103 0.091 0.057
-------------------------------------------------------------------------------------------
bicycle 
       n  missing distinct     Info     Mean      Gmd      .05      .10      .25      .50 
   25467        0     3667    0.816 0.001931 0.003353 0.000000 0.000000 0.000000 0.000000 
     .75      .90      .95 
0.001025 0.005521 0.010942 

lowest : 0.000000e+00 3.814697e-06 7.629395e-06 9.536743e-06 1.144409e-05
highest: 8.924866e-02 9.100342e-02 9.336726e-02 1.081886e-01 1.462736e-01
-------------------------------------------------------------------------------------------
building 
       n  missing distinct     Info     Mean      Gmd      .05      .10      .25      .50 
   25467        0    19740        1   0.2524   0.2056 0.008653 0.029327 0.097884 0.228666 
     .75      .90      .95 
0.385670 0.521331 0.574421 

lowest : 0.000000e+00 3.814697e-06 7.629395e-06 9.536743e-06 1.144409e-05
highest: 9.151211e-01 9.582062e-01 9.680834e-01 9.736891e-01 9.814873e-01
-------------------------------------------------------------------------------------------
bus 
        n   missing  distinct      Info      Mean       Gmd       .05       .10       .25 
    25467         0      3780     0.638   0.01451   0.02708 0.0000000 0.0000000 0.0000000 
      .50       .75       .90       .95 
0.0000000 0.0001411 0.0222054 0.0941885 

lowest : 0.000000e+00 3.814697e-06 7.629395e-06 1.144409e-05 1.525879e-05
highest: 6.034355e-01 6.404572e-01 6.533852e-01 6.608315e-01 6.646862e-01
-------------------------------------------------------------------------------------------
car 
       n  missing distinct     Info     Mean      Gmd      .05      .10      .25      .50 
   25467        0    18474        1  0.04604  0.04467 0.002291 0.004566 0.012228 0.034537 
     .75      .90      .95 
0.067952 0.106010 0.131460 

lowest : 0.000000e+00 3.814697e-06 7.629395e-06 1.144409e-05 1.525879e-05
highest: 2.668447e-01 2.822294e-01 2.915255e-01 2.929716e-01 2.954241e-01
-------------------------------------------------------------------------------------------
fence 
        n   missing  distinct      Info      Mean       Gmd       .05       .10       .25 
    25467         0     17463         1   0.04221   0.04365 6.981e-05 1.891e-03 1.021e-02 
      .50       .75       .90       .95 
2.961e-02 6.161e-02 9.855e-02 1.265e-01 

lowest : 0.000000e+00 3.814697e-06 7.629395e-06 1.144409e-05 1.525879e-05
highest: 3.414828e-01 3.421084e-01 3.779716e-01 4.373283e-01 4.426708e-01
-------------------------------------------------------------------------------------------
motorcycle 
        n   missing  distinct      Info      Mean       Gmd       .05       .10       .25 
    25467         0      1282     0.296  0.000481  0.000929 0.000e+00 0.000e+00 0.000e+00 
      .50       .75       .90       .95 
0.000e+00 0.000e+00 3.815e-05 1.980e-03 

lowest : 0.000000e+00 3.814697e-06 7.629395e-06 1.144409e-05 1.525879e-05
highest: 5.414963e-02 5.552292e-02 7.261276e-02 7.262039e-02 8.482361e-02
-------------------------------------------------------------------------------------------
pole 
       n  missing distinct     Info     Mean      Gmd      .05      .10      .25      .50 
   25467        0    14596        1  0.01161 0.007262 0.003034 0.004422 0.006976 0.010292 
     .75      .90      .95 
0.014777 0.020296 0.024644 

lowest : 0.000000e+00 3.814697e-06 7.629395e-06 1.144409e-05 1.525879e-05
highest: 6.532955e-02 6.843948e-02 8.557129e-02 8.998108e-02 1.011219e-01
-------------------------------------------------------------------------------------------
rider 
        n   missing  distinct      Info      Mean       Gmd       .05       .10       .25 
    25467         0      2752     0.754  0.001091  0.001913 0.0000000 0.0000000 0.0000000 
      .50       .75       .90       .95 
0.0000000 0.0004272 0.0032904 0.0064571 

lowest : 0.000000e+00 3.814697e-06 7.629395e-06 9.536743e-06 1.144409e-05
highest: 4.256058e-02 4.330444e-02 4.648972e-02 5.018997e-02 6.593323e-02
-------------------------------------------------------------------------------------------
road 
       n  missing distinct     Info     Mean      Gmd      .05      .10      .25      .50 
   25467        0    19590        1   0.1995  0.05992   0.1169   0.1328   0.1616   0.1968 
     .75      .90      .95 
  0.2346   0.2709   0.2905 

lowest : 8.265177e-05 1.527786e-03 7.253647e-03 7.495880e-03 1.987076e-02
highest: 3.779278e-01 3.790550e-01 3.795252e-01 3.910990e-01 3.999205e-01
-------------------------------------------------------------------------------------------
sidewalk 
       n  missing distinct     Info     Mean      Gmd      .05      .10      .25      .50 
   25467        0    18906        1   0.0599     0.04 0.008462 0.015181 0.032154 0.056657 
     .75      .90      .95 
0.084116 0.108132 0.122600 

lowest : 0.000000e+00 3.814697e-06 1.525879e-05 1.907349e-05 2.288818e-05
highest: 1.964912e-01 1.965704e-01 2.023010e-01 2.058992e-01 2.100830e-01
-------------------------------------------------------------------------------------------
sky 
       n  missing distinct     Info     Mean      Gmd      .05      .10      .25      .50 
   25467        0    19853        1   0.1674   0.1016  0.04340  0.06185  0.09829  0.15431 
     .75      .90      .95 
 0.22309  0.29430  0.33639 

lowest : 0.000000e+00 7.629395e-06 1.525879e-05 1.907349e-05 6.675720e-05
highest: 4.884844e-01 4.886007e-01 4.889708e-01 4.892654e-01 4.963179e-01
-------------------------------------------------------------------------------------------
terrain 
        n   missing  distinct      Info      Mean       Gmd       .05       .10       .25 
    25467         0     13106     0.992   0.02982   0.04245 0.0000000 0.0000000 0.0002823 
      .50       .75       .90       .95 
0.0083160 0.0372140 0.0967438 0.1346196 

lowest : 0.000000e+00 3.814697e-06 7.629395e-06 9.536743e-06 1.144409e-05
highest: 3.610382e-01 3.758574e-01 4.169455e-01 4.264374e-01 4.545298e-01
-------------------------------------------------------------------------------------------
traffic.light 
        n   missing  distinct      Info      Mean       Gmd       .05       .10       .25 
    25467         0      2723     0.878   0.00105  0.001881 0.000e+00 0.000e+00 0.000e+00 
      .50       .75       .90       .95 
3.815e-06 3.242e-04 2.184e-03 6.167e-03 

lowest : 0.000000e+00 3.814697e-06 5.722046e-06 7.629395e-06 9.536743e-06
highest: 6.009674e-02 6.365013e-02 7.530975e-02 7.929993e-02 1.083870e-01
-------------------------------------------------------------------------------------------
traffic.sign 
        n   missing  distinct      Info      Mean       Gmd       .05       .10       .25 
    25467         0      7199     0.999  0.003186  0.003999 0.0000000 0.0000000 0.0004371 
      .50       .75       .90       .95 
0.0016721 0.0038675 0.0074532 0.0110067 

lowest : 0.000000e+00 3.814697e-06 5.722046e-06 7.629395e-06 9.536743e-06
highest: 1.012726e-01 1.021957e-01 1.034536e-01 1.129055e-01 1.511688e-01
-------------------------------------------------------------------------------------------
train 
        n   missing  distinct      Info      Mean       Gmd       .05       .10       .25 
    25467         0      3053     0.649  0.003494  0.006578 0.0000000 0.0000000 0.0000000 
      .50       .75       .90       .95 
0.0000000 0.0001106 0.0052658 0.0148697 

lowest : 0.000000e+00 3.814697e-06 7.629395e-06 1.144409e-05 1.525879e-05
highest: 3.489914e-01 3.553963e-01 3.586483e-01 4.568825e-01 8.309479e-01
-------------------------------------------------------------------------------------------
truck 
       n  missing distinct     Info     Mean      Gmd      .05      .10      .25      .50 
   25467        0     5126    0.776   0.0117  0.02112 0.000000 0.000000 0.000000 0.000000 
     .75      .90      .95 
0.002937 0.026855 0.066948 

lowest : 0.000000e+00 3.814697e-06 7.629395e-06 1.144409e-05 1.525879e-05
highest: 5.885658e-01 6.033630e-01 6.271515e-01 7.092590e-01 7.155418e-01
-------------------------------------------------------------------------------------------
vegetation 
       n  missing distinct     Info     Mean      Gmd      .05      .10      .25      .50 
   25467        0    19859        1   0.2085   0.1726 0.008451 0.023622 0.079983 0.188452 
     .75      .90      .95 
0.303818 0.418698 0.497206 

lowest : 0.000000e+00 3.814697e-06 7.629395e-06 1.144409e-05 1.525879e-05
highest: 9.059601e-01 9.096928e-01 9.138174e-01 9.181528e-01 9.215050e-01
-------------------------------------------------------------------------------------------
wall 
       n  missing distinct     Info     Mean      Gmd      .05      .10      .25      .50 
   25467        0    14728    0.998  0.02819  0.03578 0.000000 0.000000 0.002501 0.014305 
     .75      .90      .95 
0.037043 0.071886 0.105488 

lowest : 0.000000e+00 3.814697e-06 7.629395e-06 1.144409e-05 1.335144e-05
highest: 6.220837e-01 6.569481e-01 6.719360e-01 7.905121e-01 7.997169e-01
-------------------------------------------------------------------------------------------
visual_complexity 
       n  missing distinct     Info     Mean      Gmd      .05      .10      .25      .50 
   25467        0    20376        1   0.6318   0.0845   0.4938   0.5319   0.5914   0.6391 
     .75      .90      .95 
  0.6804   0.7186   0.7448 

lowest : 0.06870516 0.10214346 0.11356354 0.13895270 0.15415778
highest: 0.91692776 0.92407059 0.93390804 0.95003154 1.00615793
-------------------------------------------------------------------------------------------
person_count 
       n  missing distinct     Info     Mean      Gmd      .05      .10      .25      .50 
   25467        0       62    0.972    5.575    7.587        0        0        0        2 
     .75      .90      .95 
       7       16       24 

lowest :  0  1  2  3  4, highest: 57 58 59 60 64
-------------------------------------------------------------------------------------------
bicycle_count 
       n  missing distinct     Info     Mean      Gmd      .05      .10      .25      .50 
   25467        0       29    0.405   0.3725   0.6791        0        0        0        0 
     .75      .90      .95 
       0        1        2 

lowest :  0  1  2  3  4, highest: 25 27 30 33 34
-------------------------------------------------------------------------------------------
vehicle_count 
       n  missing distinct     Info     Mean      Gmd      .05      .10      .25      .50 
   25467        0       59    0.976    12.19     11.9        0        0        0       12 
     .75      .90      .95 
      20       27       31 

lowest :  0  1  2  3  4, highest: 54 55 57 58 59
-------------------------------------------------------------------------------------------
X0_9 
       n  missing distinct     Info     Mean      Gmd      .05      .10      .25      .50 
   25467        0    11680        1   0.1212  0.04166  0.05965  0.07526  0.09619  0.12088 
     .75      .90      .95 
 0.14559  0.16781  0.18169 

lowest : 0.00000000 0.01252610 0.01371742 0.01459854 0.01495513
highest: 0.27152318 0.27237542 0.28047921 0.28076923 0.28899083
-------------------------------------------------------------------------------------------
X10_19 
       n  missing distinct     Info     Mean      Gmd      .05      .10      .25      .50 
   25467        0    11736        1  0.09987   0.0399  0.04503  0.05424  0.07494  0.09869 
     .75      .90      .95 
 0.12268  0.14311  0.15694 

lowest : 0.000000000 0.007117438 0.009661836 0.009933775 0.010438413
highest: 0.441467676 0.452667814 0.468600683 0.477386935 0.639082752
-------------------------------------------------------------------------------------------
X20_29 
       n  missing distinct     Info     Mean      Gmd      .05      .10      .25      .50 
   25467        0    11967        1   0.1823  0.08388  0.09011  0.10217  0.12611  0.16191 
     .75      .90      .95 
 0.22497  0.29240  0.33409 

lowest : 0.005025126 0.024875622 0.030708661 0.032467532 0.032718121
highest: 0.613037448 0.613178768 0.616711590 0.626160991 0.678669410
-------------------------------------------------------------------------------------------
X30_39 
       n  missing distinct     Info     Mean      Gmd      .05      .10      .25      .50 
   25467        0    11971        1   0.1934  0.06457   0.1066   0.1249   0.1535   0.1873 
     .75      .90      .95 
  0.2281   0.2704   0.2989 

lowest : 0.01894317 0.03629257 0.03701657 0.03736264 0.03875546
highest: 0.44328280 0.45614035 0.46031746 0.47872340 0.48275862
-------------------------------------------------------------------------------------------
X40_49 
       n  missing distinct     Info     Mean      Gmd      .05      .10      .25      .50 
   25467        0    11350        1   0.1397   0.0261   0.1008   0.1107   0.1253   0.1402 
     .75      .90      .95 
  0.1548   0.1673   0.1767 

lowest : 0.03389831 0.03432424 0.03691604 0.03882545 0.04045023
highest: 0.25000000 0.25085911 0.25837321 0.26119403 0.26792453
-------------------------------------------------------------------------------------------
X50_59 
       n  missing distinct     Info     Mean      Gmd      .05      .10      .25      .50 
   25467        0    11552        1   0.1088  0.03234  0.06160  0.07222  0.08972  0.10915 
     .75      .90      .95 
 0.12756  0.14426  0.15553 

lowest : 0.01577103 0.01595214 0.01596994 0.01699717 0.01870824
highest: 0.20782396 0.20818916 0.21110299 0.23157895 0.31658291
-------------------------------------------------------------------------------------------
X60_69 
       n  missing distinct     Info     Mean      Gmd      .05      .10      .25      .50 
   25467        0    11522        1  0.07482  0.03137  0.03418  0.04126  0.05488  0.07210 
     .75      .90      .95 
 0.09234  0.11113  0.12508 

lowest : 0.004181913 0.004926108 0.005144033 0.005424955 0.006088280
highest: 0.198443580 0.200000000 0.201970443 0.203980100 0.206896552
-------------------------------------------------------------------------------------------
X70_79 
       n  missing distinct     Info     Mean      Gmd      .05      .10      .25      .50 
   25467        0    11420        1   0.0483  0.02648  0.01552  0.02091  0.03115  0.04437 
     .75      .90      .95 
 0.06088  0.08127  0.09289 

lowest : 0.000000000 0.001366120 0.001620746 0.001808318 0.002057613
highest: 0.206980519 0.209944751 0.210784314 0.211864407 0.247863248
-------------------------------------------------------------------------------------------
X80_89 
       n  missing distinct     Info     Mean      Gmd      .05      .10      .25      .50 
   25467        0    10898        1  0.02571  0.01758 0.005893 0.008408 0.013895 0.022283 
     .75      .90      .95 
0.033553 0.047076 0.057597 

lowest : 0.0000000000 0.0004151100 0.0006422608 0.0007524454 0.0007593014
highest: 0.1404761905 0.1473922902 0.1525423729 0.1562952243 0.1822660099
-------------------------------------------------------------------------------------------
IMD_score 
       n  missing distinct     Info     Mean      Gmd      .05      .10      .25      .50 
   25467        0     2007        1    25.52    14.28    8.379   10.254   14.896   24.242 
     .75      .90      .95 
  33.914   42.934   49.222 

lowest :  1.704062  2.205990  2.393502  2.682240  2.913841
highest: 61.330620 62.573700 63.426910 64.089790 66.207460
-------------------------------------------------------------------------------------------
housing_price 
       n  missing distinct     Info     Mean      Gmd      .05      .10      .25      .50 
   25467        0     8334        1   543097   357737   208375   238749   311900   430619 
     .75      .90      .95 
  620125   928675  1217500 

lowest :   96124.38   96225.00  105000.00  110500.00  120000.00
highest: 4010784.38 4054937.50 4900000.00 5168250.00 5593750.00
-------------------------------------------------------------------------------------------
pop_den 
       n  missing distinct     Info     Mean      Gmd      .05      .10      .25      .50 
   25467        0    12485        1     3235     2594    279.4    537.1   1427.6   2693.3 
     .75      .90      .95 
  4614.4   6527.2   7768.1 

lowest :     9.59061    11.61883    12.23989    12.61299    13.79987
highest: 16865.34150 17228.45410 17237.85446 18454.15067 19279.86200
-------------------------------------------------------------------------------------------
poi 
       n  missing distinct     Info     Mean      Gmd      .05      .10      .25      .50 
   25467        0      555    0.999    60.78    81.53        0        1        6       21 
     .75      .90      .95 
      74      182      249 

lowest :   0   1   2   3   4, highest: 786 795 797 807 822
-------------------------------------------------------------------------------------------
slope 
       n  missing distinct     Info     Mean      Gmd      .05      .10      .25      .50 
   25467        0     3171        1    2.227    1.177   0.8254   1.0116   1.3886   2.0890 
     .75      .90      .95 
  2.8393   3.5286   4.0921 

lowest : 0.4794039 0.4858260 0.4910749 0.4951121 0.4972519
highest: 7.7659860 8.0351048 8.3892498 8.4172697 9.1580305
-------------------------------------------------------------------------------------------
