
Call:
matchit(formula = formula, data = data, method = "nearest", distance = "glm")

Summary of Balance for All Data:
                         Means Treated Means Control Std. Mean Diff. Var. Ratio eCDF Mean eCDF Max
distance                        0.0547        0.0276          0.4094     6.8133    0.2036   0.2862
year2010                        0.0000        0.0010         -0.0320          .    0.0010   0.0010
year2011                        0.0000        0.0317         -0.1834          .    0.0317   0.0317
year2012                        0.1165        0.1370         -0.0640          .    0.0205   0.0205
year2013                        0.0000        0.0012         -0.0358          .    0.0012   0.0012
year2014                        0.1193        0.1362         -0.0520          .    0.0168   0.0168
year2015                        0.0824        0.1411         -0.2134          .    0.0587   0.0587
year2016                        0.1080        0.1303         -0.0722          .    0.0224   0.0224
year2017                        0.0909        0.1302         -0.1366          .    0.0393   0.0393
year2018                        0.2131        0.1328          0.1961          .    0.0803   0.0803
year2019                        0.2699        0.1586          0.2507          .    0.1113   0.1113
age_0_19                       20.7595       21.6660         -0.1440     1.1469    0.0398   0.0971
age_20_39                      40.8283       37.9947          0.2482     0.9653    0.0745   0.1365
age_40_59                      24.6466       24.9942         -0.0807     0.9743    0.0270   0.0674
IMD_score                      24.2000       22.8928          0.1219     0.9348    0.0378   0.0893
lu_residential_community        6.2141        5.5980          0.0726     1.2087    0.0362   0.0833
lu_commerce_developed          33.7779       28.8039          0.3387     1.1554    0.0985   0.1397
ss_visual_complexity           38.0120       38.3602         -0.1286     0.4085    0.0796   0.1459
slope                          15.2348       15.6407         -0.0755     0.7822    0.0138   0.0460
ss_construction                17.3433       12.9640          0.3879     0.9605    0.1358   0.1933
ss_road_flat                   27.5347       28.4631         -0.1582     0.9834    0.0413   0.0953
ss_marking                      1.7765        1.7231          0.0556     0.7582    0.0247   0.0644
ss_nature                       0.8516        1.0088         -0.1201     0.4488    0.0192   0.0478
ss_street_object                0.5724        0.4553          0.3346     1.3003    0.1106   0.1610
od_person_count                 0.9484        0.6003          0.3729     2.4396    0.1236   0.1874
od_bicycle_count                0.0711        0.0448          0.2660     1.0579    0.0920   0.2132
od_vehicle_count                4.9974        5.1093         -0.0628     0.7904    0.0237   0.0517
od_animal_count                 0.0045        0.0014          0.1546     4.8989    0.0415   0.0875
pop_den_log                     8.9846        8.8217          0.1870     0.8870    0.0556   0.0882
housing_price_log              13.1888       13.1140          0.1459     0.9563    0.0520   0.0974
poi_log                         3.9963        3.4203          0.3920     1.0711    0.0971   0.1718

Summary of Balance for Matched Data:
                         Means Treated Means Control Std. Mean Diff. Var. Ratio eCDF Mean eCDF Max Std. Pair Dist.
distance                        0.0547        0.0539          0.0121     1.2405    0.0001   0.0057          0.0137
year2010                        0.0000        0.0000          0.0000          .    0.0000   0.0000          0.0000
year2011                        0.0000        0.0000          0.0000          .    0.0000   0.0000          0.0000
year2012                        0.1165        0.1023          0.0443          .    0.0142   0.0142          0.5402
year2013                        0.0000        0.0000          0.0000          .    0.0000   0.0000          0.0000
year2014                        0.1193        0.1364         -0.0526          .    0.0170   0.0170          0.6661
year2015                        0.0824        0.0540          0.1033          .    0.0284   0.0284          0.4546
year2016                        0.1080        0.1392         -0.1007          .    0.0312   0.0312          0.6500
year2017                        0.0909        0.0795          0.0395          .    0.0114   0.0114          0.5336
year2018                        0.2131        0.2216         -0.0208          .    0.0085   0.0085          0.7285
year2019                        0.2699        0.2670          0.0064          .    0.0028   0.0028          0.6720
age_0_19                       20.7595       21.3030         -0.0864     0.9420    0.0254   0.0511          1.0239
age_20_39                      40.8283       40.5283          0.0263     0.9736    0.0187   0.0710          1.0302
age_40_59                      24.6466       24.5213          0.0291     0.8071    0.0180   0.0426          1.1268
IMD_score                      24.2000       24.8899         -0.0643     1.0881    0.0227   0.0682          1.0802
lu_residential_community        6.2141        5.8756          0.0399     1.2692    0.0295   0.0795          0.7822
lu_commerce_developed          33.7779       32.5928          0.0807     0.9977    0.0269   0.0625          0.8825
ss_visual_complexity           38.0120       38.0414         -0.0108     0.5164    0.0409   0.0824          1.0910
slope                          15.2348       14.7622          0.0879     1.0876    0.0330   0.0767          1.0438
ss_construction                17.3433       16.8688          0.0420     0.8401    0.0225   0.0682          0.6771
ss_road_flat                   27.5347       27.6953         -0.0274     0.7776    0.0241   0.0625          0.8735
ss_marking                      1.7765        1.6980          0.0818     0.9232    0.0258   0.0852          1.1391
ss_nature                       0.8516        0.8633         -0.0089     0.4544    0.0259   0.0653          0.9317
ss_street_object                0.5724        0.5609          0.0331     0.8162    0.0215   0.0568          0.8347
od_person_count                 0.9484        0.9454          0.0032     0.7053    0.0307   0.0909          0.6763
od_bicycle_count                0.0711        0.0668          0.0439     0.9333    0.0227   0.1136          0.6895
od_vehicle_count                4.9974        5.0407         -0.0243     0.7824    0.0158   0.0398          1.1515
od_animal_count                 0.0045        0.0035          0.0481     2.7618    0.0053   0.0170          0.3381
pop_den_log                     8.9846        9.0219         -0.0428     1.2454    0.0151   0.0483          0.9392
housing_price_log              13.1888       13.1688          0.0391     0.8484    0.0362   0.0909          1.0213
poi_log                         3.9963        3.8833          0.0769     1.1104    0.0360   0.0937          0.8336

Sample Sizes:
          Control Treated
All         12037     352
Matched       352     352
Unmatched   11685       0
Discarded       0       0

